Index, I_out, Q_out
1, -17779, -50780
2, -4536, -49391
3, 9497, -42437
4, 14580, -21182
5, 5629, 6269
6, -11071, 21501
7, -34213, 28418
8, -39291, 20828
9, -41344, 15191
10, -44420, 10079
11, -45571, 6924
12, -46865, 5596
13, -48044, 6809
14, -49217, 8048
15, -49262, 11983
16, -49088, 14663
17, -48851, 17318
18, -48558, 19029
19, -48069, 19169
20, -48522, 17324
21, -49156, 14183
22, -51316, 10110
23, -52212, 5831
24, -53522, 2336
25, -54484, -28
26, -55440, -697
27, -55055, 2163
28, -54312, 7803
29, -49627, 17124
30, -41608, 27506
31, -31013, 37961
32, -19706, 45268
33, -10019, 50166
34, -2199, 54268
35, 5447, 56495
36, 11728, 56973
37, 17444, 54968
38, 24028, 49691
39, 30260, 37389
40, 32687, 13898
41, 18344, -12301
42, 5314, -16764
43, 2094, -26764
44, -3642, -37362
45, -10616, -43189
46, -17474, -43450
47, -24641, -43289
48, -33665, -40985
49, -43337, -33492
50, -49396, -19956
51, -51035, -5302
52, -50873, 5641
53, -49719, 14552
54, -48091, 19799
55, -47458, 21425
56, -46881, 20831
57, -44943, 14540
58, -40726, 3477
59, -30358, -9774
60, -18631, -19667
61, -11122, -27110
62, -8021, -35514
63, -6327, -43336
64, -5941, -49416
65, -5941, -54472
66, -6775, -58931
67, -8334, -63683
68, -10809, -67075
69, -14746, -67361
70, -18883, -64987
71, -21063, -59863
72, -22791, -51351
73, -20255, -39665
74, -15175, -26137
75, -11339, -11752
76, -4421, 2243
77, -8105, 937
78, -19867, 4724
79, -30826, 7981
80, -36042, 9414
81, 13113, -2241
82, -46885, 6385
83, -54999, 1665
84, -59087, -2179
85, -60380, -5966
86, -61263, -8728
87, -60188, -8589
88, -58367, -5907
89, -54381, 265
90, -48015, 10184
91, -39159, 21963
92, -29963, 31652
93, -22652, 39629
94, -15769, 46201
95, -10416, 50671
96, -4708, 54756
97, 994, 56756
98, 9167, 56873
99, 19429, 52523
100, 32041, 41509
