Index, I_out, Q_out
1, -17219, -48287
2, -5504, -49479
3, 8800, -43088
4, 12601, -21078
5, 4781, 2145
6, -10868, 18466
7, -35742, 27772
8, -40751, 20783
9, -42504, 14286
10, -46135, 9308
11, -46364, 5557
12, -45919, 5213
13, -48889, 7167
14, -51515, 6377
15, -50355, 7679
16, -49872, 13541
17, -49679, 16682
18, -49381, 17619
19, -47676, 16288
20, -48624, 15597
21, -51449, 13017
22, -51708, 8632
23, -52430, 4733
24, -53119, -27
25, -55457, -836
26, -55622, -971
27, -56743, 2767
28, -55766, 6276
29, -52635, 15905
30, -43598, 26603
31, -32536, 36824
32, -22289, 44409
33, -11600, 49450
34, -3690, 53277
35, 3265, 56014
36, 10078, 56675
37, 17334, 55779
38, 22520, 49213
39, 31817, 42232
40, 37605, 16861
41, 27023, -12947
42, 9044, -22633
43, 3675, -29985
44, -2440, -35158
45, -9091, -40883
46, -15308, -45137
47, -24083, -47265
48, -34367, -42976
49, -42692, -36542
50, -49006, -22586
51, -52996, -7155
52, -50487, 3451
53, -49118, 13813
54, -48651, 17814
55, -49929, 19878
56, -48537, 18925
57, -46713, 13959
58, -41081, 1500
59, -32920, -13391
60, -18227, -22061
61, -10880, -28680
62, -6001, -32734
63, -6870, -43379
64, -5034, -49099
65, -5548, -54597
66, -3582, -62067
67, -5232, -66634
68, -9548, -69129
69, -12626, -66758
70, -17177, -67379
71, -20237, -59210
72, -22009, -52127
73, -19334, -38762
74, -15177, -29607
75, -9355, -12598
76, -9168, 23
77, -15004, 1260
78, -22725, 6468
79, -31065, 7321
80, -35962, 8348
81, -44090, 5825
82, -51155, 1837
83, -55036, -226
84, -58243, -5250
85, -60806, -7458
86, -61063, -9551
87, -62209, -12318
88, -59116, -6480
89, -53929, -420
90, -50184, 7038
91, -42063, 23086
92, -32680, 31473
93, -23352, 38654
94, -17828, 43782
95, -11283, 49781
96, -6142, 55599
97, -580, 57887
98, 8836, 59876
99, 18093, 53439
100, 31163, 42697
