Index, I_out, Q_out
1, -48195, 7592
2, -49349, 6698
3, -50311, 8893
4, -49986, 12008
5, -50126, 14779
6, -49177, 17369
7, -48276, 18705
8, -48248, 18623
9, -48573, 17147
10, -50369, 14156
11, -51779, 10117
12, -53314, 5915
13, -54453, 2298
14, -55234, -255
15, -55124, -233
16, -54163, 2312
17, -51646, 8075
18, -47447, 16258
19, -40817, 27158
20, -30998, 37641
21, -20969, 46698
22, -11012, 53239
23, -2351, 56739
24, 5210, 58118
25, 11113, 56545
26, 17430, 52554
27, 21808, 42657
28, 23223, 26897
29, 20421, 8477
30, 15164, -8982
31, 9456, -25198
32, 1934, -37413
33, -5312, -44206
34, -11585, -45397
35, -18465, -46163
36, -26079, -46181
37, -34803, -41973
38, -42243, -32496
39, -47605, -19297
40, -50775, -5835
41, -51521, 5583
42, -49978, 14502
43, -48253, 19374
44, -46716, 21321
45, -43074, 19260
46, -38927, 12666
47, -31799, 2561
48, -25472, -9139
49, -19789, -22310
50, -13963, -33540
51, -10280, -42616
52, -8136, -48839
53, -6021, -54158
54, -6286, -59020
55, -6882, -64478
56, -8653, -67839
57, -11374, -68081
58, -15228, -66052
59, -18158, -60319
60, -19536, -52837
61, -18695, -40452
62, -14550, -26937
63, -8623, -13803
64, -4020, -2970
65, 1863, 8023
66, 7337, 18808
67, 13070, 29128
68, 15500, 33887
69, 15837, 38331
70, 15777, 44909
71, 13302, 53338
72, 10488, 58028
73, 6438, 60355
74, 3011, 61957
75, 825, 60922
76, 1047, 58727
77, 2434, 54643
78, 8166, 48427
79, 16004, 41991
80, 26674, 34935
81, 36918, 27131
82, 45490, 17744
83, 51101, 9675
84, 54832, 3493
85, 56952, -3226
86, 56777, -9353
87, 53378, -17015
88, 45136, -25726
89, 32593, -34543
90, 16886, -40757
91, 1164, -44357
92, -11870, -46650
93, -19011, -45680
94, -22190, -46510
95, -21849, -46833
96, -16525, -47290
97, -6532, -46485
98, 7939, -42089
99, 22870, -36646
100, 36972, -30768
101, 46503, -24020
102, 53070, -17330
103, 55680, -12420
104, 54059, -9024
105, 48464, -5432
106, 34430, -2050
107, 15568, 1741
108, -4559, 5120
109, -23153, 6426
110, -35085, 8377
111, -42543, 9673
112, -43208, 9608
113, -46389, 10547
114, -48714, 11938
115, -42280, 12478
116, -25172, 11270
117, -6943, 10292
118, 17105, 5923
119, 32742, 995
120, 41797, -5035
121, 44835, -9397
122, 46889, -15032
123, 50678, -21092
124, 53676, -29262
125, 47656, -39157
126, 36047, -46783
127, 20434, -53378
128, 3607, -56199
129, -12394, -55468
130, -25749, -51460
131, -34932, -45572
132, -42482, -39487
133, -47709, -31808
134, -52232, -23670
135, -53173, -13603
136, -52741, -3398
137, -51246, 5880
138, -47188, 15281
139, -42099, 23298
140, -36481, 28741
141, -31630, 32937
142, -25183, 35791
143, -19120, 38152
144, -13078, 40149
145, -6282, 41530
146, 2095, 41982
147, 9027, 43631
148, 16159, 45324
149, 21818, 47742
150, 26076, 49844
151, 28856, 52437
152, 28730, 55469
153, 27829, 57566
154, 25405, 58942
155, 19646, 58974
156, 12370, 55927
157, 2336, 49454
158, -9367, 40384
159, -21620, 29234
160, -31652, 19129
161, -39316, 10876
162, -42790, 5585
163, -45502, 3804
164, -46575, 4709
165, -47202, 9523
166, -44979, 17403
167, -39443, 27961
168, -30717, 39078
169, -20150, 48537
170, -10412, 54666
171, -2018, 57863
172, 4911, 58363
173, 12649, 56020
174, 18679, 50422
175, 23339, 38328
176, 24155, 19577
177, 21819, 1304
178, 14509, -16127
179, 10879, -33856
180, 1724, -42913
181, -5738, -46668
182, -13272, -46671
183, -21363, -47666
184, -31777, -45751
185, -41568, -36612
186, -49258, -23902
187, -54118, -8807
188, -56127, 4520
189, -54841, 15045
190, -51755, 21091
191, -48363, 22952
192, -43388, 20525
193, -37362, 12299
194, -27782, 307
195, -18008, -11960
196, -13446, -25544
197, -9607, -36823
198, -8045, -44763
199, -8909, -47674
200, -10893, -50526
201, -16825, -51897
202, -24966, -50070
203, -33708, -41640
204, -42392, -28789
205, -49962, -14174
206, -53056, 339
207, -53087, 13063
208, -50596, 22615
209, -46601, 29666
210, -41595, 35671
211, -33212, 39792
212, -25060, 42840
213, -13801, 43795
214, -3189, 42545
215, 6678, 41400
216, 14022, 41928
217, 19552, 42272
218, 21855, 44348
219, 21998, 47248
220, 20299, 51091
221, 17278, 54388
222, 14373, 57543
223, 11535, 59440
224, 9184, 59285
225, 9240, 56525
226, 9747, 50607
227, 13441, 42611
228, 17649, 31023
229, 22889, 20332
230, 30048, 9452
231, 36173, -802
232, 40203, -8023
233, 43609, -13450
234, 47764, -15678
235, 51321, -17087
236, 54655, -15697
237, 56661, -13837
238, 57671, -11248
239, 57205, -8630
240, 55176, -6852
241, 52327, -6462
242, 47897, -7684
243, 45117, -11319
244, 40681, -17243
245, 37467, -24608
246, 31537, -32174
247, 26003, -38719
248, 18784, -44765
249, 11594, -49501
250, 3385, -52754
251, -6522, -53193
252, -17485, -50822
253, -29284, -45878
254, -40472, -37052
255, -49645, -27046
256, -56173, -15505
257, -59927, -4432
258, -60491, 5494
259, -57984, 13599
260, -54089, 19414
261, -45070, 24288
262, -30717, 25015
263, -13457, 21851
264, 4084, 15639
265, 16228, 6396
266, 33242, -827
267, 40263, -8504
268, 43785, -14197
269, 44296, -18258
270, 45935, -22658
271, 46238, -28653
272, 40108, -32010
273, 28531, -34889
274, 15909, -35447
275, 2740, -37821
276, -8470, -38609
277, -16976, -39964
278, -21249, -42467
279, -22866, -47063
280, -22921, -51580
281, -20677, -56947
282, -17540, -61107
283, -14736, -65135
284, -11150, -66232
285, -8872, -64034
286, -7957, -57200
287, -7144, -44624
288, -6194, -26570
289, -5642, -9374
290, -7340, 7844
291, -5463, 23612
292, -2508, 33258
293, 2160, 39733
294, 6258, 42539
295, 12265, 46207
296, 19422, 48301
297, 28722, 45505
298, 37491, 37229
299, 45943, 25863
300, 50933, 14031
301, 53596, 3158
302, 54229, -7272
303, 51489, -14608
304, 47144, -20382
305, 39170, -23352
306, 29331, -23559
307, 16120, -18774
308, 2610, -14012
309, -9531, -6871
310, -24960, -620
311, -33377, 6788
312, -40745, 12922
313, -43892, 15850
314, -50365, 18524
315, -58706, 20026
316, -65651, 20641
317, -69841, 21794
318, -71105, 21963
319, -69865, 20123
320, -64515, 18444
321, -53677, 13834
322, -35884, 6653
323, -16962, -673
324, 378, -5720
325, 16881, -14430
326, 31112, -18028
327, 38777, -19908
328, 39283, -17303
329, 42361, -14408
330, 48002, -11059
331, 49692, -3320
332, 45292, 6869
333, 36206, 19393
334, 24632, 31156
335, 14473, 40145
336, 7056, 45814
337, 3999, 49531
338, 3930, 50705
339, 8921, 50213
340, 17139, 46364
341, 28333, 38819
342, 41549, 26321
343, 50601, 13163
344, 55958, 594
345, 57653, -8851
346, 56571, -15617
347, 54120, -20117
348, 47826, -22992
349, 33580, -21494
350, 13466, -16117
351, -8217, -7118
352, -26360, 2587
353, -38009, 9643
354, -43394, 15574
355, -44411, 16475
356, -46546, 16984
357, -47708, 16455
358, -41501, 13344
359, -25013, 5989
360, -4475, -4884
361, 13403, -8723
362, 30217, -15113
363, 40541, -17342
364, 43549, -15720
365, 47002, -11946
366, 52167, -7104
367, 54784, 2297
368, 50211, 14327
369, 40652, 27433
370, 27790, 38145
371, 17124, 46916
372, 8061, 50764
373, 3732, 52583
374, 2537, 52266
375, 4882, 49391
376, 9985, 43407
377, 19043, 31931
378, 28288, 20954
379, 38689, 7793
380, 45318, -3785
381, 48403, -12670
382, 50749, -18639
383, 53758, -22460
384, 56056, -25344
385, 58270, -27102
386, 58833, -26985
387, 57521, -25687
388, 54327, -22691
389, 49673, -17287
390, 46465, -11565
391, 41660, -4877
392, 37622, 2452
393, 34819, 9430
394, 31859, 16691
395, 30353, 23550
396, 27035, 29971
397, 23557, 35360
398, 19980, 40964
399, 15701, 45767
400, 10535, 50945
401, 6314, 54430
402, 1890, 56517
403, -1390, 57905
404, -3187, 57923
405, -2759, 57535
406, 276, 55735
407, 5863, 53390
408, 13533, 48952
409, 23259, 42212
410, 33206, 35183
411, 41404, 26909
412, 48844, 20055
413, 52954, 13137
414, 55989, 5593
415, 57115, -1175
416, 55748, -9880
417, 50204, -19123
418, 40693, -29078
419, 28242, -38378
420, 14158, -45153
421, 754, -49763
422, -9000, -51121
423, -15745, -51553
424, -18935, -51177
425, -19001, -50926
426, -15060, -47996
427, -5714, -41769
428, 5700, -33748
429, 19550, -24852
430, 31899, -17660
431, 42028, -11133
432, 46530, -8090
433, 49460, -7409
434, 50496, -8820
435, 49164, -14081
436, 44173, -21692
437, 32610, -30950
438, 18348, -39835
439, 4951, -46254
440, -7452, -49340
441, -14710, -50121
442, -19163, -50037
443, -19019, -50213
444, -15558, -48714
445, -8110, -43243
446, 4066, -33850
447, 16617, -23976
448, 29505, -16385
449, 39703, -9833
450, 45741, -6950
451, 48836, -6806
452, 51324, -8713
453, 51489, -13453
454, 48716, -22774
455, 40247, -33241
456, 27820, -42949
457, 12776, -49984
458, -905, -53856
459, -13684, -54299
460, -23447, -52155
461, -31309, -47961
462, -38015, -42071
463, -43309, -33654
464, -46481, -23004
465, -47490, -10831
466, -46907, 995
467, -45330, 10878
468, -43510, 18425
469, -42702, 23444
470, -43243, 25042
471, -44954, 24826
472, -46637, 22731
473, -49399, 18378
474, -51735, 14771
475, -52800, 11945
476, -53893, 8671
477, -53366, 6970
478, -52045, 7128
479, -50287, 8517
480, -48596, 11110
481, -46597, 13746
482, -45001, 16555
483, -43311, 18863
484, -42662, 19307
485, -43746, 19052
486, -45145, 16753
487, -48511, 13900
488, -52320, 9899
489, -54659, 6062
490, -57474, 3505
491, -58610, 775
492, -58917, 821
493, -58318, 3348
494, -55235, 8208
495, -50291, 15910
496, -42232, 24446
497, -31319, 33409
498, -20570, 42418
499, -9716, 47104
500, -458, 50736
501, 6536, 52604
502, 11193, 52603
503, 15506, 51090
504, 17531, 46329
505, 17678, 36039
506, 14491, 22063
507, 10482, 7996
508, 5009, -6742
509, -1087, -20979
510, -5986, -30359
511, -11434, -38479
512, -13828, -41859
513, -15650, -47840
514, -15884, -54092
515, -17092, -59596
516, -17588, -60424
517, -17247, -61294
518, -16303, -58952
519, -15598, -56067
520, -13346, -51036
521, -12007, -46700
522, -10434, -42844
523, -9549, -40139
524, -8227, -38047
525, -8687, -38088
526, -8068, -39440
527, -9544, -41439
528, -10378, -43870
529, -11689, -47425
530, -12957, -50603
531, -14408, -54081
532, -15956, -56403
533, -17433, -58791
534, -19133, -61415
535, -19134, -61172
536, -20045, -59964
537, -18815, -56693
538, -16199, -50014
539, -10637, -38995
540, -4019, -24426
541, 2883, -11020
542, 7529, 3824
543, 13966, 17471
544, 17629, 28353
545, 18359, 35449
546, 15774, 38584
547, 12544, 44003
548, 6072, 50233
549, -2592, 52618
550, -13128, 51701
551, -25013, 47453
552, -36239, 38938
553, -45802, 28626
554, -51396, 18480
555, -54884, 9256
556, -54354, 40
557, -51155, -8751
558, -46027, -17158
559, -37670, -23920
560, -28699, -30436
561, -18764, -35244
562, -10849, -39019
563, -6441, -41114
564, -3967, -43786
565, -5058, -46956
566, -7810, -50701
567, -12599, -53496
568, -18059, -54803
569, -22988, -56082
570, -25948, -55481
571, -26897, -55390
572, -23767, -53179
573, -17894, -51369
574, -6363, -45281
575, 6375, -38921
576, 21417, -31509
577, 35084, -24076
578, 45401, -18215
579, 49756, -14088
580, 53090, -11740
581, 53727, -10304
582, 50893, -9402
583, 41708, -10344
584, 24421, -10089
585, 7295, -9896
586, -14524, -7805
587, -29667, -3883
588, -38350, 1737
589, -42852, 6615
590, -45330, 11939
591, -47449, 18406
592, -48576, 27503
593, -42753, 36907
594, -31607, 45287
595, -18244, 51264
596, -5177, 53650
597, 6937, 53747
598, 16085, 51714
599, 22660, 47127
600, 25364, 40619
601, 26086, 31359
602, 22168, 19128
603, 15712, 4965
604, 7260, -6490
605, 1480, -18269
606, -6229, -31748
607, -12977, -40365
608, -16046, -44958
609, -18100, -50136
610, -19607, -56909
611, -20757, -65373
612, -21937, -69409
613, -22396, -70769
614, -21192, -69411
615, -19986, -63695
616, -15659, -52446
617, -8373, -34999
618, -179, -16359
619, 6025, -1922
620, 10572, 9310
621, 18650, 25210
622, 22096, 35304
623, 20995, 37983
624, 17474, 41091
625, 12840, 44991
626, 5294, 48461
627, -6474, 46732
628, -19852, 40984
629, -32769, 32617
630, -42607, 24179
631, -50334, 17253
632, -53191, 12148
633, -53938, 9418
634, -52550, 9505
635, -46120, 12604
636, -34370, 17988
637, -19241, 23771
638, -4595, 29679
639, 8085, 36280
640, 17521, 40073
641, 20743, 41989
642, 20033, 45287
643, 15360, 49071
644, 6595, 50654
645, -6578, 49526
646, -22295, 43828
647, -36884, 37059
648, -48400, 28750
649, -54640, 19405
650, -56828, 12577
651, -55473, 6127
652, -48904, 733
653, -34224, -4168
654, -17026, -8368
655, 3838, -9716
656, 23680, -11662
657, 38090, -10921
658, 45331, -10260
659, 45358, -8624
660, 47081, -7682
661, 50056, -6771
662, 42929, -5576
663, 26424, -3876
664, 8000, -476
665, -10152, -489
666, -28803, 3152
667, -41089, 6991
668, -44044, 9140
669, -47324, 9197
670, -53384, 11267
671, -62226, 13644
672, -63646, 16394
673, -60910, 17829
674, -56767, 19347
675, -50929, 18765
676, -45081, 17330
677, -42698, 14988
678, -40573, 11682
679, -42336, 9224
680, -44317, 6518
681, -47127, 5480
682, -50296, 4954
683, -52399, 6072
684, -54357, 7834
685, -53901, 11248
686, -51779, 15660
687, -48438, 21569
688, -40317, 27635
689, -30914, 33572
690, -20650, 38286
691, -9713, 42277
692, -70, 44935
693, 8793, 46133
694, 15853, 47363
695, 20937, 47929
696, 24672, 48554
697, 26893, 49896
698, 27535, 50921
699, 27476, 51655
700, 24871, 52181
701, 21570, 52498
702, 16199, 51782
703, 8698, 51218
704, 1813, 48663
705, -6954, 45244
706, -15981, 40321
707, -24600, 35273
708, -32277, 30024
709, -38818, 23914
710, -43617, 17408
711, -46734, 11634
712, -48467, 5874
713, -48990, -472
714, -47253, -7030
715, -43972, -13004
716, -39029, -18735
717, -31514, -24888
718, -23880, -31445
719, -17014, -37880
720, -10291, -43644
721, -4701, -47839
722, -1160, -52520
723, 1305, -57138
724, 2007, -61213
725, 985, -64492
726, -1394, -66704
727, -5875, -67061
728, -11769, -63152
729, -18655, -55499
730, -26866, -44531
731, -32881, -29428
732, -38054, -12763
733, -40437, 1689
734, -41137, 12255
735, -41135, 19357
736, -41651, 22551
737, -43442, 21246
738, -45063, 15579
739, -45311, 6047
740, -44509, -6537
741, -40847, -21197
742, -36520, -35294
743, -31181, -45162
744, -25262, -51289
745, -19106, -54775
746, -13623, -54535
747, -8224, -50202
748, -1452, -39494
749, 5535, -22529
750, 10332, -1197
751, 12879, 14504
752, 15593, 32114
753, 15610, 42580
754, 13991, 44118
755, 11396, 46139
756, 8846, 47112
757, 4257, 44066
758, -246, 30763
759, -8763, 14028
760, -10412, -7164
761, -14196, -25797
762, -14196, -36484
763, -13218, -43473
764, -10192, -45715
765, -5276, -51095
766, 1016, -55608
767, 9963, -55241
768, 18731, -49030
769, 30124, -39642
770, 38773, -26605
771, 45511, -15793
772, 49442, -6743
773, 51757, -938
774, 53646, 3020
775, 55215, 4369
776, 55959, 3512
777, 55570, 993
778, 54414, -2894
779, 53184, -7909
780, 51468, -13391
781, 48508, -18503
782, 46883, -21999
783, 45722, -24180
784, 44886, -25990
785, 45067, -26783
786, 46960, -26632
787, 47856, -23898
788, 49325, -20234
789, 49443, -15190
790, 50323, -8574
791, 49944, -353
792, 47075, 8444
793, 43736, 18577
794, 38399, 28223
795, 33157, 36316
796, 26743, 42387
797, 19623, 47294
798, 12949, 50151
799, 4458, 50488
800, -3178, 49053
801, -11566, 44718
802, -20481, 38413
803, -28806, 30737
804, -36057, 21417
805, -40515, 14595
806, -44479, 8806
807, -47109, 6787
808, -49930, 6201
809, -52458, 6979
810, -53669, 10265
811, -54649, 14818
812, -53602, 18492
813, -52408, 21706
814, -50489, 23423
815, -49076, 20907
816, -47800, 16983
817, -45785, 9458
818, -42228, -1166
819, -39343, -12515
820, -36034, -25551
821, -31150, -35611
822, -26139, -43464
823, -19646, -48523
824, -13599, -51530
825, -5964, -52474
826, 2124, -51158
827, 11766, -45621
828, 20873, -36791
829, 29671, -27306
830, 37862, -18036
831, 42299, -11094
832, 44454, -6606
833, 46699, -6288
834, 47343, -8612
835, 46762, -13865
836, 43676, -22816
837, 37134, -32056
838, 27763, -41134
839, 15955, -48193
840, 4641, -52219
841, -6748, -53872
842, -18654, -52566
843, -29707, -48651
844, -40718, -42001
845, -49392, -32629
846, -55674, -21507
847, -60294, -9948
848, -60200, 1249
849, -58485, 10610
850, -53388, 18760
851, -45257, 24732
852, -32929, 26689
853, -17081, 25138
854, -2149, 20165
855, 12791, 13759
856, 25678, 6424
857, 35171, -2253
858, 40887, -10024
859, 43461, -16188
860, 45663, -21587
861, 46992, -28172
862, 44395, -35033
863, 37844, -42010
864, 28370, -46807
865, 14166, -50323
866, 187, -50579
867, -12533, -49613
868, -23566, -46429
869, -32518, -42579
870, -38780, -38220
871, -44173, -32732
872, -46724, -26439
873, -49795, -18479
874, -49847, -9021
875, -48350, 1622
876, -45580, 12953
877, -43218, 22832
878, -38392, 31847
879, -33995, 38908
880, -29328, 44222
881, -24444, 48142
882, -18666, 51225
883, -10151, 53102
884, -1500, 52384
885, 10453, 48924
886, 22552, 43761
887, 34625, 36915
888, 44920, 27905
889, 52484, 20530
890, 56930, 12742
891, 59743, 6002
892, 60387, -297
893, 58405, -6623
894, 52142, -12592
895, 40038, -19512
896, 23541, -23082
897, 5528, -24790
898, -12031, -21750
899, -26845, -18201
900, -35458, -10168
901, -42470, -2851
902, -44717, 6444
903, -46946, 16552
904, -45803, 28503
905, -39624, 39969
906, -31391, 50696
907, -20118, 59296
908, -9665, 63034
909, 274, 64615
910, 8969, 62392
911, 16975, 55634
912, 22854, 44622
913, 25322, 27088
914, 22560, 7347
915, 17377, -11183
916, 10896, -28729
917, 3232, -40527
918, -4111, -45486
919, -9971, -46515
920, -15476, -47309
921, -20599, -45218
922, -25696, -36469
923, -26152, -19831
924, -23826, -1948
925, -16133, 15072
926, -9575, 31512
927, 139, 40920
928, 9026, 45109
929, 17421, 46120
930, 26189, 47119
931, 37294, 45423
932, 48121, 38850
933, 56198, 28500
934, 61510, 14966
935, 62392, 1897
936, 59159, -10693
937, 53139, -20738
938, 43389, -27882
939, 29451, -31855
940, 14158, -30430
941, -3182, -24886
942, -17312, -15221
943, -28808, -7319
944, -36425, 2266
945, -41819, 10373
946, -43058, 17527
947, -44506, 24658
948, -44009, 31667
949, -40170, 38236
950, -32708, 44301
951, -21611, 48628
952, -10023, 50473
953, 2751, 49376
954, 12499, 48300
955, 20825, 46795
956, 26704, 45398
957, 29764, 43734
958, 31130, 43965
959, 30174, 44540
960, 27173, 45771
961, 22898, 46377
962, 17631, 48100
963, 11725, 50196
964, 6006, 51023
965, 1310, 51795
966, -1587, 53206
967, -3532, 55202
968, -3315, 56041
969, -1265, 56458
970, 2267, 56847
971, 9089, 54778
972, 16449, 50981
973, 25463, 44946
974, 34669, 37151
975, 41557, 26808
976, 47760, 17098
977, 52138, 8377
978, 53820, 61
979, 53179, -7237
980, 50869, -12642
981, 47050, -17223
982, 38275, -19647
983, 26682, -19963
984, 12007, -16673
985, -634, -13167
986, -11768, -5562
987, -27847, -1217
988, -37035, 6329
989, -42209, 11851
990, -44752, 15744
991, -49883, 19481
992, -56293, 22785
993, -59854, 25487
994, -61399, 26542
995, -60268, 26661
996, -58023, 24717
997, -54131, 19669
998, -48807, 12094
999, -43501, 3881
1000, -37727, -6633
1001, -32174, -16697
1002, -28568, -27004
1003, -24336, -34152
1004, -20192, -38809
1005, -16760, -42911
1006, -13659, -45657
1007, -10288, -47642
1008, -6028, -47964
1009, -737, -45353
1010, 5997, -41196
1011, 12923, -34482
1012, 21380, -27518
1013, 29199, -20711
1014, 36903, -14489
1015, 43078, -10535
1016, 49669, -7985
1017, 54504, -5780
1018, 60733, -4423
1019, 65427, -4900
1020, 68230, -6687
1021, 69923, -9004
1022, 67686, -11926
1023, 63358, -15051
1024, 53369, -16863
1025, 38192, -16361
1026, 20712, -14263
1027, 2976, -11856
1028, -16385, -6676
1029, -30052, -719
1030, -38214, 4916
1031, -41445, 8751
1032, -43236, 11827
1033, -45142, 15172
1034, -43869, 17087
1035, -36105, 19354
1036, -20711, 17793
1037, -4770, 16058
1038, 11347, 9606
1039, 29759, 4887
1040, 39197, -3195
1041, 44016, -9801
1042, 44550, -15953
1043, 47603, -22252
1044, 50308, -31158
1045, 47276, -40448
1046, 38829, -49443
1047, 26288, -56518
1048, 11017, -59923
1049, -5940, -58906
1050, -20989, -54837
1051, -34756, -46976
1052, -45639, -36984
1053, -52770, -26023
1054, -57548, -14234
1055, -59719, -3035
1056, -59505, 6147
1057, -56437, 13907
1058, -50878, 19244
1059, -43428, 22075
1060, -32678, 20038
1061, -19319, 13910
1062, -6882, 6723
1063, 3369, -280
1064, 14770, -6810
1065, 24634, -15028
1066, 31507, -18503
1067, 36287, -16951
1068, 42783, -14847
1069, 50381, -9171
1070, 53156, 803
1071, 52781, 12880
1072, 48869, 25932
1073, 41057, 38672
1074, 31479, 47528
1075, 20902, 54663
1076, 9572, 57228
1077, -1725, 56327
1078, -12342, 51949
1079, -24168, 44300
1080, -33850, 34131
1081, -40647, 22235
1082, -44806, 12372
1083, -46889, 5704
1084, -47036, 3645
1085, -46295, 4788
1086, -43987, 9639
1087, -39839, 17659
1088, -34375, 28644
1089, -26240, 39930
1090, -16946, 49225
1091, -7950, 53565
1092, 654, 56415
1093, 9233, 55946
1094, 18532, 53030
1095, 28474, 46287
1096, 38440, 35312
1097, 45486, 20410
1098, 49860, 4819
1099, 51236, -8339
1100, 50803, -17063
1101, 49943, -20585
1102, 48580, -20915
1103, 47966, -17302
1104, 43998, -8998
1105, 37285, 4378
1106, 31159, 17991
1107, 24362, 31393
1108, 18715, 42686
1109, 14277, 47946
1110, 11288, 50664
1111, 9057, 50812
1112, 7920, 48415
1113, 6817, 39654
1114, 6391, 23230
1115, 5913, 6083
1116, 3534, -13526
1117, 302, -27594
1118, -4591, -39542
1119, -8266, -42136
1120, -12618, -45336
1121, -18851, -49157
1122, -26707, -53178
1123, -35890, -48141
1124, -44339, -37952
1125, -50817, -24210
1126, -55178, -8324
1127, -54704, 7479
1128, -52760, 21250
1129, -47607, 32786
1130, -40834, 40850
1131, -33894, 46551
1132, -26113, 50381
1133, -17622, 53206
1134, -7539, 52865
1135, 1417, 51478
1136, 10866, 47511
1137, 18375, 42073
1138, 26112, 37478
1139, 32480, 32176
1140, 35748, 26993
1141, 39790, 22027
1142, 42757, 16152
1143, 45321, 10139
1144, 47231, 2999
1145, 48917, -4724
1146, 48805, -12572
1147, 49466, -20040
1148, 48644, -27388
1149, 48399, -31969
1150, 48841, -35055
1151, 49275, -36608
1152, 49542, -34362
1153, 50031, -29088
1154, 49413, -19282
1155, 48156, -7145
1156, 45255, 8869
1157, 40274, 23982
1158, 35172, 37319
1159, 30034, 46813
1160, 25201, 53355
1161, 21087, 57191
1162, 16010, 57449
1163, 12219, 54527
1164, 6953, 44174
1165, 1141, 26185
1166, -6542, 7245
1167, -9374, -14389
1168, -11629, -29952
1169, -13477, -39893
1170, -13986, -42722
1171, -12268, -44945
1172, -11487, -48012
1173, -9438, -46161
1174, -6295, -33117
1175, 276, -14640
1176, 5936, 9943
1177, 9028, 26530
1178, 11713, 35921
1179, 13357, 40036
1180, 12666, 41942
1181, 11365, 47450
1182, 9397, 48844
1183, 6515, 39023
1184, 524, 20530
1185, -5397, -1558
1186, -8528, -20898
1187, -11705, -35782
1188, -13059, -44004
1189, -10782, -45004
1190, -8414, -48746
1191, -4408, -54575
1192, 1269, -55711
1193, 10141, -49775
1194, 20407, -38348
1195, 30444, -24915
1196, 39797, -13347
1197, 45748, -5130
1198, 50093, -1238
1199, 53507, 602
1200, 56521, -463
1201, 59913, -2797
1202, 62127, -7677
1203, 61883, -13762
1204, 59940, -17856
1205, 56029, -20597
1206, 50157, -21355
1207, 43713, -17978
1208, 36545, -12125
1209, 28458, -3713
1210, 22673, 6702
1211, 18461, 17688
1212, 16492, 28315
1213, 13730, 36294
1214, 12596, 42383
1215, 12230, 47528
1216, 12070, 52189
1217, 12783, 56842
1218, 13205, 59162
1219, 14327, 60309
1220, 14609, 59079
1221, 15196, 57688
1222, 15297, 54517
1223, 13263, 50103
1224, 10501, 46073
1225, 6565, 40883
1226, 1325, 36634
1227, -5424, 31519
1228, -11893, 25820
1229, -19298, 21901
1230, -27618, 18166
1231, -34638, 14401
1232, -41206, 11932
1233, -47614, 10069
1234, -53402, 8194
1235, -59575, 7271
1236, -64240, 7525
1237, -67681, 7742
1238, -69576, 8676
1239, -68249, 11680
1240, -63744, 14114
1241, -54594, 16014
1242, -40754, 16512
1243, -22516, 15140
1244, -5721, 12547
1245, 12747, 8985
1246, 29229, 3666
1247, 36864, -2910
1248, 41505, -8072
1249, 42857, -12254
1250, 45994, -17026
1251, 47487, -20967
1252, 43961, -27503
1253, 34598, -32096
1254, 21261, -36276
1255, 7644, -39281
1256, -4797, -40378
1257, -13476, -41996
1258, -19237, -43044
1259, -21326, -44327
1260, -20845, -48423
1261, -17625, -52149
1262, -13326, -55803
1263, -8729, -58568
1264, -4289, -60310
1265, -1680, -60071
1266, -1906, -58049
1267, -5821, -52956
1268, -13219, -45909
1269, -22766, -36517
1270, -34401, -26040
1271, -44718, -14495
1272, -50146, -3708
1273, -53653, 3884
1274, -54676, 9825
1275, -55032, 13806
1276, -52759, 16854
1277, -44958, 18062
1278, -29047, 15894
1279, -10864, 11429
1280, 8866, 5417
1281, 23547, -1199
1282, 34331, -6702
1283, 40812, -11793
1284, 43217, -13641
1285, 46232, -15315
1286, 47255, -15611
1287, 42246, -15173
1288, 27359, -11853
1289, 10647, -5734
1290, -5097, -982
1291, -21063, 3717
1292, -34624, 9836
1293, -41101, 12712
1294, -45415, 12426
1295, -53473, 13572
1296, -64940, 14618
1297, -69012, 14656
1298, -70808, 14328
1299, -70299, 14276
1300, -65191, 13500
1301, -57665, 13423
1302, -45273, 11450
1303, -30575, 9234
1304, -16304, 6999
1305, -3801, 4333
1306, 12149, 2995
1307, 21930, -175
1308, 31811, -3200
1309, 36330, -7254
1310, 40577, -9855
1311, 45819, -13096
1312, 51715, -14968
1313, 54461, -18324
1314, 55626, -20878
1315, 55214, -23617
1316, 53269, -23634
1317, 50139, -22677
1318, 46809, -19697
1319, 44560, -14837
1320, 41788, -7798
1321, 40838, 1056
1322, 41052, 9731
1323, 41021, 18456
1324, 38773, 27260
1325, 36328, 33985
1326, 31374, 40486
1327, 25334, 46228
1328, 15699, 50076
1329, 2754, 51721
1330, -11623, 50549
1331, -27086, 45975
1332, -40063, 39677
1333, -49335, 31602
1334, -56613, 24863
1335, -59546, 17885
1336, -59465, 11611
1337, -53435, 7048
1338, -39680, 836
1339, -21032, -3828
1340, -136, -8363
1341, 17801, -8781
1342, 35250, -10741
1343, 45415, -10519
1344, 46692, -9493
1345, 48464, -9076
1346, 48993, -8955
1347, 44541, -8346
1348, 27114, -6173
1349, 8404, -4498
1350, -14296, -1203
1351, -32279, 1591
1352, -43628, 5798
1353, -44642, 7112
1354, -46683, 8207
1355, -48275, 12630
1356, -46486, 16077
1357, -31278, 18282
1358, -10072, 18531
1359, 13819, 13684
1360, 34145, 8676
1361, 44073, 254
1362, 47870, -6935
1363, 47694, -13620
1364, 49885, -21462
1365, 50592, -32241
1366, 42089, -44498
1367, 28424, -54211
1368, 12404, -59507
1369, -3139, -61140
1370, -15801, -58027
1371, -25427, -53119
1372, -29558, -44550
1373, -30679, -33890
1374, -26705, -19426
1375, -18584, -3905
1376, -7742, 10314
1377, 1915, 26501
1378, 11756, 36210
1379, 17976, 40983
1380, 19967, 42514
1381, 20517, 46311
1382, 19963, 52590
1383, 18533, 56670
1384, 14062, 57556
1385, 10865, 56460
1386, 7906, 53373
1387, 5104, 50084
1388, 4178, 47247
1389, 6558, 44507
1390, 9559, 45532
1391, 14861, 46449
1392, 19979, 48489
1393, 23646, 48562
1394, 26429, 50330
1395, 25935, 51337
1396, 24874, 52378
1397, 19413, 52193
1398, 11559, 50580
1399, 7, 46221
1400, -13633, 39824
1401, -26011, 31139
1402, -37489, 23822
1403, -44981, 17014
1404, -49103, 12563
1405, -51309, 9523
1406, -50852, 9416
1407, -49092, 11994
1408, -42023, 16878
1409, -30365, 23487
1410, -17948, 29919
1411, -4655, 36797
1412, 6074, 40962
1413, 13126, 43785
1414, 16608, 45827
1415, 16425, 48438
1416, 13010, 50510
1417, 7063, 50926
1418, -3213, 48236
1419, -15432, 43612
1420, -27279, 35258
1421, -38619, 26461
1422, -46845, 16876
1423, -50588, 8684
1424, -52752, 915
1425, -53051, -5360
1426, -51000, -11631
1427, -46682, -19435
1428, -40464, -24462
1429, -31623, -30661
1430, -21948, -35840
1431, -13033, -40736
1432, -6138, -44584
1433, -1149, -48149
1434, 1159, -51786
1435, 1718, -55303
1436, 429, -59128
1437, -1837, -61607
1438, -6013, -62812
1439, -11624, -62382
1440, -17417, -58423
1441, -22223, -52221
1442, -27101, -43405
1443, -30489, -31974
1444, -31931, -18919
1445, -34755, -8129
1446, -34637, 2852
1447, -35652, 10552
1448, -36628, 14261
1449, -40191, 17636
1450, -43770, 16955
1451, -48797, 15251
1452, -53189, 11424
1453, -56982, 7391
1454, -60629, 4153
1455, -62297, 1316
1456, -62505, 1853
1457, -60855, 4163
1458, -55775, 9577
1459, -47914, 18457
1460, -37037, 28159
1461, -23159, 37554
1462, -9634, 46165
1463, 1560, 50429
1464, 9453, 52357
1465, 14189, 52628
1466, 17682, 52585
1467, 17348, 49436
1468, 15914, 42396
1469, 9908, 28764
1470, 2165, 12803
1471, -5560, -4776
1472, -11584, -20274
1473, -15251, -29135
1474, -17225, -35850
1475, -15774, -38928
1476, -12163, -45428
1477, -5608, -51332
1478, 3333, -51921
1479, 14215, -47411
1480, 26452, -38876
1481, 37357, -30115
1482, 44510, -20554
1483, 48712, -13394
1484, 50514, -8139
1485, 50060, -6050
1486, 48665, -6470
1487, 42227, -8840
1488, 33070, -14828
1489, 21892, -22221
1490, 10290, -30938
1491, -966, -38606
1492, -10194, -43028
1493, -16429, -47555
1494, -20337, -51972
1495, -22561, -56565
1496, -24162, -60601
1497, -24806, -64376
1498, -23987, -66409
1499, -22111, -65806
1500, -19574, -61829
1501, -14937, -54748
1502, -8747, -42822
1503, -2273, -26836
1504, 5017, -12671
1505, 7987, 1200
1506, 13530, 14761
1507, 16616, 26534
1508, 17054, 33687
1509, 14725, 36340
1510, 11965, 39498
1511, 7837, 45641
1512, 1023, 49488
1513, -7460, 48927
1514, -17849, 44410
1515, -27776, 37901
1516, -37534, 29224
1517, -44480, 20925
1518, -48962, 13569
1519, -51597, 7742
1520, -53369, 3141
1521, -53440, 544
1522, -53454, 108
1523, -50495, 1406
1524, -48526, 4064
1525, -45094, 7545
1526, -43300, 11694
1527, -43245, 15475
1528, -43433, 17711
1529, -46380, 19771
1530, -50091, 19847
1531, -54622, 18633
1532, -58529, 17608
1533, -62134, 15983
1534, -63355, 13976
1535, -62809, 12104
1536, -58393, 10539
1537, -48577, 8071
1538, -30653, 5110
1539, -13175, 1727
1540, 6288, -136
1541, 22585, -2870
1542, 34005, -6349
1543, 39444, -8654
1544, 41456, -9033
1545, 45993, -9590
1546, 48927, -10419
1547, 42596, -12392
1548, 27372, -11102
1549, 12102, -8916
1550, -8901, -6650
1551, -24742, -721
1552, -35517, 4448
1553, -42168, 9329
1554, -45837, 11938
1555, -51109, 14842
1556, -58280, 18561
1557, -61824, 22100
1558, -62148, 24417
1559, -60142, 25907
1560, -56243, 23648
1561, -51220, 20136
1562, -46318, 14338
1563, -40193, 6114
1564, -37203, -1922
1565, -34251, -10901
1566, -32413, -20914
1567, -29844, -27605
1568, -26127, -33743
1569, -22371, -38558
1570, -17850, -43097
1571, -11919, -46450
1572, -4986, -49091
1573, 2384, -49335
1574, 10661, -47528
1575, 19039, -44812
1576, 27296, -39940
1577, 34908, -33832
1578, 41429, -25706
1579, 45840, -17102
1580, 49504, -7352
1581, 50872, 2489
1582, 51398, 12523
1583, 49548, 22293
1584, 46882, 31316
1585, 41820, 39458
1586, 34840, 45702
1587, 26072, 50484
1588, 15111, 52499
1589, 2875, 52373
1590, -11071, 49284
1591, -25146, 43136
1592, -36968, 35093
1593, -46409, 26422
1594, -52169, 19011
1595, -54786, 13012
1596, -55145, 8740
1597, -51792, 6366
1598, -44149, 5668
1599, -29686, 6098
1600, -12395, 6827
1601, 3282, 7937
1602, 20918, 8646
1603, 34057, 6913
1604, 41750, 1780
1605, 44913, -3337
1606, 47191, -10117
1607, 48486, -20009
1608, 46212, -32241
1609, 35776, -45758
1610, 22915, -55960
1611, 8435, -62503
1612, -3684, -64310
1613, -13474, -62977
1614, -21975, -58033
1615, -26158, -49652
1616, -26689, -33951
1617, -23344, -13303
1618, -13442, 8190
1619, -3642, 26097
1620, 5609, 41966
1621, 13507, 46987
1622, 16743, 47130
1623, 18923, 47753
1624, 20648, 47352
1625, 19561, 39826
1626, 13398, 21546
1627, 9730, -403
1628, -4610, -21778
1629, -10633, -34857
1630, -15864, -40895
1631, -15790, -43521
1632, -16823, -46354
1633, -16529, -47571
1634, -11812, -44036
1635, -3844, -25684
1636, 6085, -5821
1637, 10489, 13071
1638, 16841, 30472
1639, 18600, 41345
1640, 16465, 44890
1641, 12568, 48187
1642, 6680, 52887
1643, -3469, 55382
1644, -15837, 50230
1645, -30363, 39322
1646, -41701, 26611
1647, -48892, 14663
1648, -52222, 7028
1649, -53714, 2906
1650, -52499, 2530
1651, -48306, 6119
1652, -39640, 12482
1653, -28368, 21706
1654, -15160, 31300
1655, -2514, 39952
1656, 7514, 45286
1657, 14955, 47962
1658, 19256, 49683
1659, 21343, 52417
1660, 21679, 54633
1661, 20533, 55706
1662, 19020, 55732
1663, 15859, 53262
1664, 12970, 50816
1665, 10187, 48032
1666, 9165, 45735
1667, 8243, 44862
1668, 11303, 45406
1669, 12820, 46924
1670, 15399, 48387
1671, 18382, 49446
1672, 19105, 50798
1673, 20026, 51536
1674, 18578, 51830
1675, 15870, 50960
1676, 10776, 48632
1677, 2748, 45633
1678, -6032, 39650
1679, -16700, 34646
1680, -26545, 28668
1681, -35179, 22126
1682, -40821, 16953
1683, -45479, 12464
1684, -49210, 9443
1685, -52678, 6848
1686, -54868, 5543
1687, -55828, 5459
1688, -54613, 5773
1689, -53414, 7254
1690, -52272, 10017
1691, -49754, 12344
1692, -48849, 14710
1693, -46621, 16626
1694, -46095, 18737
1695, -46884, 19603
1696, -47688, 20272
1697, -48697, 19786
1698, -49917, 18697
1699, -50713, 16943
1700, -51021, 14318
1701, -51052, 11206
1702, -49600, 6880
1703, -47147, 762
1704, -42710, -5463
1705, -37680, -12796
1706, -30511, -20253
1707, -24288, -28175
1708, -17975, -34846
1709, -12434, -40986
1710, -8408, -45952
1711, -4826, -50778
1712, -3443, -55765
1713, -1859, -60089
1714, -1792, -63729
1715, -3418, -65219
1716, -6393, -64923
1717, -10638, -63269
1718, -16275, -57299
1719, -20911, -48752
1720, -25956, -37140
1721, -30850, -23427
1722, -33624, -9713
1723, -36241, 1333
1724, -36978, 10351
1725, -38121, 15128
1726, -40697, 17488
1727, -44054, 16152
1728, -46014, 12059
1729, -47395, 4161
1730, -48135, -5460
1731, -46508, -16723
1732, -42509, -28403
1733, -36961, -38425
1734, -29019, -45627
1735, -19880, -50446
1736, -10068, -52997
1737, 1995, -52525
1738, 13940, -48829
1739, 25688, -42005
1740, 36094, -32949
1741, 44109, -25021
1742, 48773, -16833
1743, 50564, -11063
1744, 50374, -7959
1745, 48470, -7849
1746, 43375, -10785
1747, 34590, -16589
1748, 23613, -24030
1749, 12347, -31240
1750, 1899, -38724
1751, -6490, -43107
1752, -12475, -45315
1753, -14531, -47691
1754, -14784, -49626
1755, -12465, -50544
1756, -5617, -48938
1757, 3311, -43577
1758, 14225, -36718
1759, 26294, -28563
1760, 36744, -20765
1761, 44634, -13508
1762, 50388, -7552
1763, 54088, -2873
1764, 57303, 708
1765, 61235, 2516
1766, 62794, 2622
1767, 63352, 1905
1768, 61376, -1676
1769, 56990, -5587
1770, 52112, -12205
1771, 45544, -19586
1772, 37903, -26281
1773, 29473, -33337
1774, 21866, -39099
1775, 14837, -44271
1776, 8260, -47848
1777, 1620, -49966
1778, -4666, -51731
1779, -10848, -50715
1780, -18100, -47763
1781, -25694, -42570
1782, -32853, -33845
1783, -38483, -23191
1784, -44176, -12164
1785, -45967, -1019
1786, -47573, 8203
1787, -47599, 14652
1788, -48731, 19507
1789, -48085, 21687
1790, -48803, 21404
1791, -48675, 19436
1792, -48713, 16269
1793, -49312, 12348
1794, -48758, 8713
1795, -49389, 7239
1796, -48651, 5513
1797, -49173, 7612
1798, -50009, 10873
1799, -50794, 15013
1800, -51518, 20287
1801, -50990, 24745
1802, -50960, 27921
1803, -50747, 28000
1804, -50406, 26331
1805, -49642, 20426
1806, -47620, 11858
1807, -44946, -710
1808, -40571, -15317
1809, -35231, -29257
1810, -29568, -40866
1811, -23986, -47905
1812, -19371, -52016
1813, -15130, -53924
1814, -11095, -53108
1815, -6987, -46380
1816, -3256, -32899
1817, 1369, -15168
1818, 5274, 3270
1819, 8104, 21936
1820, 10171, 33544
1821, 11793, 41051
1822, 11400, 41658
1823, 10580, 44983
1824, 10834, 47748
1825, 9979, 43330
1826, 7936, 30133
1827, 4856, 13341
1828, 1181, -3794
1829, -1343, -19996
1830, -5861, -33175
1831, -9605, -41042
1832, -10413, -44924
1833, -12548, -52390
1834, -14955, -62643
1835, -17781, -66280
1836, -19987, -67505
1837, -21589, -66064
1838, -21192, -61614
1839, -19036, -54000
1840, -14522, -45722
1841, -7497, -35656
1842, -58, -26193
1843, 9096, -21475
1844, 17593, -18093
1845, 26227, -16002
1846, 33388, -14501
1847, 38390, -13796
1848, 43836, -13942
1849, 48708, -14047
1850, 52275, -15237
1851, 54824, -15927
1852, 55456, -16736
1853, 54994, -17408
1854, 54271, -17749
1855, 51710, -17322
1856, 48945, -15559
1857, 46470, -12369
1858, 44358, -7978
1859, 42389, -2808
1860, 41436, 3754
1861, 39719, 11895
1862, 37694, 20078
1863, 34509, 28126
1864, 29009, 35408
1865, 22397, 42362
1866, 14767, 47548
1867, 4798, 51368
1868, -5764, 52927
1869, -17160, 52362
1870, -28298, 49382
1871, -38261, 43371
1872, -46632, 35515
1873, -52478, 26746
1874, -54887, 15637
1875, -54048, 5545
1876, -51039, -7247
1877, -43654, -18966
1878, -34096, -28405
1879, -24732, -36412
1880, -15104, -42065
1881, -8854, -44964
1882, -5703, -45913
1883, -5596, -46464
1884, -9365, -44421
1885, -16399, -40944
1886, -26308, -35885
1887, -36675, -27927
1888, -45575, -19145
1889, -51906, -10246
1890, -54780, -2125
1891, -56358, 4452
1892, -55100, 11662
1893, -48682, 18216
1894, -37694, 24070
1895, -20773, 26440
1896, -1092, 24939
1897, 16272, 19094
1898, 32217, 13047
1899, 41802, 3806
1900, 46480, -4927
1901, 47953, -14048
1902, 48413, -24422
1903, 45950, -36441
1904, 39300, -46730
1905, 27856, -55966
1906, 13414, -61162
1907, -388, -62886
1908, -12052, -61572
1909, -21890, -55347
1910, -27571, -45676
1911, -30077, -32792
1912, -28016, -16429
1913, -21843, 926
1914, -11580, 15795
1915, -2402, 29598
1916, 7159, 37546
1917, 13820, 41517
1918, 18529, 41701
1919, 22910, 44330
1920, 27855, 44892
1921, 32347, 41838
1922, 34926, 32943
1923, 35799, 22016
1924, 37291, 9837
1925, 39218, -1530
1926, 40113, -11890
1927, 42523, -18654
1928, 46109, -22413
1929, 50228, -23953
1930, 54977, -23862
1931, 59507, -22576
1932, 62788, -20925
1933, 64252, -17936
1934, 63869, -15340
1935, 59258, -12448
1936, 49409, -8787
1937, 31959, -5712
1938, 16014, -1967
1939, -280, 1776
1940, -10848, 2129
1941, -25131, 5566
1942, -36273, 8299
1943, -39872, 9619
1944, -42581, 11296
1945, -45664, 13389
1946, -47609, 17829
1947, -44231, 22669
1948, -37824, 27540
1949, -27049, 32695
1950, -14732, 38421
1951, -2913, 42204
1952, 8007, 45170
1953, 16309, 47692
1954, 22003, 49490
1955, 26249, 52984
1956, 27864, 55997
1957, 28684, 59806
1958, 27637, 62037
1959, 25259, 63038
1960, 21537, 61610
1961, 16266, 57351
1962, 8347, 47275
1963, -471, 33393
1964, -9136, 18185
1965, -15049, 3384
1966, -19030, -10867
1967, -20951, -23513
1968, -19659, -33083
1969, -15700, -38403
1970, -10610, -42690
1971, -4251, -47166
1972, 3532, -50105
1973, 14291, -49745
1974, 24734, -45874
1975, 33777, -38985
1976, 41261, -30526
1977, 46273, -21793
1978, 48279, -14249
1979, 47326, -6998
1980, 43384, -1581
1981, 37085, 2653
1982, 26499, 5672
1983, 14250, 7259
1984, 1345, 7746
1985, -9237, 6005
1986, -25056, 7700
1987, -37286, 7544
1988, -43841, 8198
1989, -49488, 8312
