26184 41715 17104 14807 2433 40949 13727 47191 52082 0 0 2921 14260 18571 2453 6797 146444 -27746 35041
26126 41256 17219 14722 39 40304 12769 46158 51842 0 0 1500 14448 18710 0 7521 160245 -34224 27930
26116 40980 16995 14407 41 39991 12869 45581 51738 0 0 1639 14313 18796 0 7212 172855 -38955 20942
26213 40790 16938 14175 32 39744 12980 45166 51653 0 0 2202 14350 18844 0 7074 182750 -42329 15276
26236 40687 17018 14119 30 39828 13021 44914 51583 0 0 2584 14531 18861 0 7119 190689 -44998 10427
26216 40688 17240 14250 30 40196 12977 45031 51406 0 0 2945 14805 18772 9 7353 195472 -46771 7448
26134 40720 17551 14546 35 40869 12910 45527 51135 0 0 3140 15104 18676 138 7726 197710 -48376 6035
25921 40853 17885 14909 60 41445 12807 46322 50611 0 0 3586 15368 18402 486 8145 196753 -49263 7058
25692 40848 18168 15246 136 41824 12666 47007 50058 0 12 3742 15558 18305 831 8513 194987 -49957 8535
25389 40771 18375 15485 204 42022 12490 47466 49513 831 24 3973 15675 18176 1050 8778 190926 -50032 11850
25309 40457 18503 15613 214 42125 12362 47711 49227 2358 327 4030 15747 18338 934 8937 187204 -49695 14687
25276 40123 18573 15665 241 42208 12333 47825 49180 4266 629 4097 15799 18475 686 9017 183609 -48872 17420
25517 39730 18607 15694 179 42289 12497 47898 49431 5416 1049 4008 15836 18787 339 9059 181355 -47962 18845
25771 39427 18657 15717 186 42391 12823 47982 49964 5518 1189 3734 15884 19076 106 9109 181257 -47824 18726
26173 39270 18698 15765 81 42495 13277 48094 50610 4638 1215 3647 15927 19315 0 9162 183012 -48423 17262
26521 39256 18775 15803 70 42621 13689 48217 51351 2864 1044 3412 15991 19526 0 9240 186883 -49760 14222
26827 39401 18858 15857 25 42802 14017 48374 52052 1235 693 3365 16076 19621 0 9331 192157 -51569 10121
27053 39685 18963 15919 17 43033 14189 48570 52595 206 357 3399 16182 19606 0 9443 197592 -53033 5816
27117 40087 19108 16004 11 43344 14156 48838 52879 0 97 3598 16326 19453 0 9598 201992 -54245 2365
27042 40508 19285 16126 10 43734 13944 49190 52887 0 5 3844 16503 19238 0 9793 204806 -55111 195
26807 40923 19425 16314 18 44059 13568 49602 52576 0 0 3979 16637 18920 12 9984 205601 -55172 -227
26399 41411 19480 16530 25 44087 13087 49937 51705 0 0 4323 16638 18356 307 10113 202851 -54264 2480
25692 41978 19338 16700 30 43562 12403 49959 50067 771 4 4826 16394 17527 962 10058 196470 -51666 8007
24615 42471 19007 16637 37 42454 11557 49408 47663 3057 14 5608 15923 16555 2034 9755 184820 -47289 16793
23368 42479 18480 16262 99 41031 10732 48236 45085 7161 286 6234 15324 15906 3182 9171 168720 -40570 27013
22313 41741 17911 15578 344 39781 10323 46675 43312 12382 880 6592 14802 15850 4153 8433 149337 -31420 37853
22050 40021 17536 14783 698 39349 10673 45287 43015 17581 2002 6225 14626 16882 4373 7815 131173 -21005 46729
22835 37786 17533 14215 942 40131 11861 44739 44507 21528 3077 5466 14943 18615 3556 7596 116334 -10804 53185
24664 35944 17942 14217 781 41936 13607 45472 47172 23065 3830 4969 15661 20323 1935 7938 105645 -2315 56451
26606 35535 18662 14891 417 44023 15152 47364 49868 21875 3731 5213 16494 20980 631 8795 96983 5129 57702
27782 36686 19434 16009 101 45481 15617 49693 51374 18855 3206 5783 17095 20461 5 9866 89557 11623 56443
27583 38760 19938 17088 11 45662 14629 51445 51012 15493 2471 6071 17208 19101 6 10699 82233 17538 52271
26256 40917 19777 17708 10 44201 12481 51765 48845 13045 1916 6146 16619 17337 175 10806 73700 21850 42944
24066 42843 18723 17577 11 40927 9772 50143 44749 12189 1312 6702 15209 15099 889 9878 60065 22958 26908
20991 44777 16706 16584 18 35865 7390 46420 39132 13955 695 9238 12967 11884 3909 7824 30197 20816 8448
16858 47103 13502 14809 515 28742 4648 40547 32134 20440 219 15136 9705 8330 9760 5308 -34549 15411 -9053
13844 43899 11912 11055 3290 23848 3257 33318 29028 31875 3092 13317 7989 10319 14243 3796 -81725 9114 -25110
13569 34863 10602 7747 7540 24416 5885 28118 32230 44030 7331 8810 8200 17786 12257 2868 -99892 1818 -37698
20546 25105 11095 5880 7039 29857 14047 27538 41100 48947 9912 3355 10277 25121 6238 2510 -109795 -5476 -44100
28036 23311 12099 7772 4263 36308 20794 32662 48338 42456 8284 6941 12396 26446 1041 2778 -117676 -11481 -45547
32509 28782 14809 10998 0 40596 22030 39880 51352 29577 4750 9750 14222 23061 0 4815 -126313 -18434 -46484
30705 34965 17695 14187 4 43508 18138 46194 51095 18562 2759 9349 15901 20428 205 7655 -135460 -26047 -46279
27636 38818 19175 16225 15 44618 14708 49722 49921 13798 1751 7072 16654 18630 741 9712 -146860 -34610 -42330
25732 40793 19590 17065 23 44106 12682 50800 47910 13568 1520 6701 16586 17276 1599 10396 -161488 -42143 -32511
24068 41649 19354 17073 64 42748 11261 50238 45631 15294 1528 7011 16095 16308 2629 10211 -179410 -47817 -19253
22911 41218 18868 16447 293 41397 10544 48729 44069 17999 2052 6894 15578 16357 3336 9569 -197446 -50909 -5816
22605 39680 18355 15623 614 40727 10749 47155 43971 20704 2871 5986 15286 17394 3223 8830 199441 -51468 5508
23452 37878 18034 15004 708 40860 11662 46226 45209 22185 3536 5245 15276 18742 2069 8323 187762 -49912 14479
24907 36712 18000 14848 482 41506 12932 46234 47116 21427 3803 4833 15470 19774 825 8230 180780 -48010 19571
26165 36704 18104 15144 164 42034 13890 46886 48841 18424 3513 4704 15621 19984 80 8425 178153 -46104 20914
26726 37653 18136 15600 27 41820 14079 47496 49535 13896 2956 4474 15494 19496 0 8621 178890 -43194 19095
26466 38881 17847 15855 23 40541 13366 47349 49319 8572 2402 3605 14946 18790 0 8475 185952 -38881 12484
25809 39756 17070 15622 62 38200 12417 45990 48695 3893 1916 2216 13940 18273 0 7736 201146 -31988 2522
25314 39844 15874 14766 157 36330 11942 43407 48489 979 1494 752 12641 18400 0 6580 -185170 -25492 -9073
25333 39311 14679 13309 523 35784 12310 41279 49139 0 801 22 11696 19006 0 5533 -154124 -19328 -21547
25949 38730 14021 11927 963 36832 13261 40492 50369 0 283 1983 11460 19636 0 4952 -132008 -14146 -33760
26752 38525 14073 11258 959 38313 14218 41518 51741 0 0 4188 12241 20047 0 4730 -120632 -10581 -42288
27433 38668 14958 11493 785 40118 15583 43235 53110 0 0 4683 13603 20329 1054 5012 -114495 -8214 -48707
27993 38909 16597 12683 693 42768 16695 45353 54624 0 0 2985 15380 20679 1934 6329 -111491 -6551 -54167
28523 39285 18762 14439 755 46036 17539 48529 56143 0 0 1755 17161 20898 2398 8645 -111154 -6337 -59401
28948 40000 20833 16581 665 49117 17323 52226 57178 0 6 2333 18676 20724 1633 11242 -111742 -6735 -64210
29006 40968 22402 18373 358 51126 16643 55843 57512 254 25 3264 19723 20273 911 13255 -113305 -8526 -67443
28613 41989 23281 19648 216 51927 15684 58121 57109 1081 141 3713 20186 19611 523 14494 -115646 -11352 -67889
27899 42912 23576 20326 118 51571 14487 59020 55929 2303 287 4128 20121 18786 351 15006 -118938 -15099 -65780
26903 43612 23219 20483 51 50135 13090 58615 54044 3617 522 4380 19530 17894 309 14775 -122485 -18181 -60493
25736 43937 22330 20075 95 47716 11597 56953 51692 4581 745 4290 18481 17100 257 13876 -125513 -19150 -52308
24464 44016 20895 19210 93 44440 10027 54187 48818 5289 818 4448 17007 16198 153 12344 -129666 -18794 -40946
23168 43785 18993 17903 98 40348 8429 50407 45571 5623 1024 4319 15140 15406 46 10246 -132103 -14358 -27047
21698 43421 16675 16214 90 35541 7378 45728 41862 5671 950 4692 12929 14451 931 7969 -134878 -8786 -14002
19953 43391 13949 14182 188 30044 6700 40218 36820 6090 724 7334 10710 12745 3450 6351 -147590 -4037 -3031
14851 49199 8501 14002 989 18147 4435 32084 24919 8120 279 27397 6363 9984 12754 3749 79126 1822 7760
11261 42369 10823 9241 7262 10897 2972 19604 20819 11715 11791 25689 5685 18548 17560 4153 74606 7148 18559
10004 31804 7210 6613 14234 14145 9030 12269 29560 14768 12977 21580 5661 25909 15027 2297 74111 13182 28777
24530 18872 8825 1369 13405 23424 20338 11635 44330 13928 13631 14397 7804 31543 5714 2297 75603 15527 33601
31278 22776 6944 5155 7081 33886 25474 24042 53218 9138 2045 16005 9736 25773 0 1895 77541 16074 38196
36367 30791 12803 8378 6 37103 23121 35114 52507 3737 1020 17004 12233 22296 0 4398 80899 15530 44760
29436 36193 17500 13570 16 43111 17501 45007 54203 643 365 3907 15836 21509 0 7623 84619 13607 53224
29310 38035 19285 15452 23 45676 17024 49007 55582 0 186 3423 17133 21094 0 9509 89107 10337 57799
29041 39602 20506 16905 27 47277 16446 51909 56247 0 33 3278 17958 20495 0 11102 93893 6369 60525
28661 40896 21293 17873 22 48015 15670 53732 56202 0 19 3427 18393 19869 0 12140 97768 3090 61619
27984 41960 21574 18451 22 47971 14666 54575 55484 0 6 3566 18437 19132 0 12606 100683 833 60782
27161 42775 21460 18609 21 47195 13473 54490 54069 0 0 3909 18138 18316 8 12574 101440 803 58252
26130 43292 20960 18433 25 45806 12218 53608 52095 0 0 4203 17538 17511 194 12092 99693 2859 54252
24908 43663 20113 17942 27 43826 11022 51992 49382 676 0 4939 16649 16477 827 11194 92815 8467 48313
23552 43702 19066 17132 36 41488 9989 49758 46147 2906 10 5824 15607 15569 1989 10004 80625 16167 41991
22062 43303 17924 16069 211 39182 9283 47142 43086 7241 112 6816 14571 14847 3567 8638 61440 26616 34506
21124 41747 17032 14808 689 37622 9267 44587 41449 13074 999 6726 13888 15415 4740 7404 41668 36855 26545
21186 39137 16557 13706 1298 37500 10263 42836 41857 18802 2289 5722 13807 17150 4716 6584 24852 45302 17706
22889 36242 16659 13139 1328 38935 12135 42554 44399 22541 3641 4702 14360 19548 3077 6450 12687 51101 9879
25331 34622 17265 13441 853 41326 14398 43982 47748 22944 3985 4597 15291 21098 1272 7071 4121 54644 3451
27476 34984 18261 14473 225 43729 15851 46590 50546 20454 3503 5592 16277 21246 126 8291 -3887 56835 -3208
28212 36777 19285 15841 13 45364 15945 49401 51713 16725 2770 6086 17007 20402 0 9670 -10886 56637 -9412
27594 39121 19957 17020 6 45736 14588 51390 51010 13750 1931 6463 17243 18878 205 10687 -20229 53414 -17542
26110 41175 19990 17655 8 44689 12621 51920 48753 12494 1496 6680 16863 17233 854 10964 -32754 45235 -25991
24025 42691 19354 17552 16 42406 10612 50793 45359 13392 1045 7441 15928 15434 2204 10396 -51603 32162 -34404
