49860 64127 13517 26184 41715 17103 14807 2422 40949 13727 47191 52082 0 0 2921 14260 18571 2453 6797
49502 64088 13699 26126 41255 17219 14722 19 40305 12769 46158 51842 0 0 1500 14448 18710 0 7521
50258 64325 12531 26116 40980 16995 14407 26 39991 12869 45582 51738 0 0 1639 14314 18796 0 7212
51744 64790 9857 26213 40790 16938 14175 5 39767 12980 45167 51653 0 0 2202 14350 18843 0 7074
53421 65055 7919 26235 40687 17018 14119 14 39851 13021 44943 51583 0 0 2584 14531 18861 0 7119
55030 65362 4778 26215 40688 17240 14250 46 40220 12991 45060 51407 0 0 2945 14805 18772 12 7353
56127 65497 2237 26134 40720 17551 14546 75 40869 12919 45556 51135 0 0 3140 15104 18676 141 7726
56461 65529 -958 25922 40853 17885 14909 117 41445 12816 46322 50611 0 0 3586 15368 18402 489 8145
56588 65512 -1766 25692 40848 18168 15246 171 41824 12661 47007 50058 0 32 3741 15558 18305 831 8513
56761 65411 -4059 25389 40771 18375 15485 222 42023 12490 47467 49514 830 60 3973 15675 18177 1050 8778
56816 65430 -3720 25309 40457 18503 15613 227 42126 12357 47712 49228 2357 364 4030 15747 18338 934 8937
57169 65438 -3594 25277 40124 18573 15665 254 42209 12347 47825 49181 4266 646 4097 15799 18475 686 9018
57267 65497 -2255 25518 39731 18607 15694 219 42289 12511 47899 49432 5416 1049 4008 15836 18787 338 9059
57601 65536 -99 25771 39427 18657 15717 222 42390 12841 47982 49964 5518 1189 3734 15884 19076 106 9109
57803 65512 1754 26173 39270 18698 15765 129 42495 13277 48094 50610 4638 1215 3647 15928 19315 0 9162
58430 65422 3869 26521 39256 18775 15803 87 42621 13689 48217 51352 2864 1044 3412 15991 19527 0 9240
59273 65325 5268 26828 39400 18858 15857 23 42803 14017 48374 52053 1235 693 3365 16076 19621 0 9331
59931 65310 5429 27054 39685 18963 15919 0 43033 14189 48570 52596 206 352 3399 16182 19606 0 9444
61065 65388 4396 27117 40088 19108 16004 -4 43344 14156 48838 52879 0 91 3598 16326 19453 0 9599
62248 65476 2812 27042 40508 19285 16126 0 43734 13943 49191 52887 0 0 3844 16503 19238 0 9794
61694 65532 794 26807 40923 19425 16314 17 44059 13591 49602 52576 0 0 3979 16637 18920 33 9984
59837 65477 -2750 26399 41411 19480 16530 27 44088 13110 49937 51705 0 0 4323 16638 18355 328 10113
56088 65225 -6371 25692 41978 19338 16700 52 43562 12426 49959 50067 771 0 4826 16394 17527 982 10058
52151 64503 -11589 24615 42472 19007 16637 79 42454 11556 49408 47663 3057 14 5608 15923 16555 2034 9755
49962 63569 -15940 23368 42479 18480 16262 144 41031 10732 48236 45087 7161 286 6234 15324 15906 3182 9171
50583 62690 -19102 22313 41742 17911 15578 375 39782 10323 46675 43314 12382 885 6592 14802 15851 4153 8433
54409 63035 -17933 22051 40022 17536 14783 700 39349 10673 45287 43018 17581 2002 6225 14626 16882 4373 7815
61005 63862 -14713 22836 37787 17534 14215 963 40131 11861 44739 44507 21528 3077 5466 14943 18615 3555 7596
66383 64665 -10643 24664 35944 17942 14217 802 41936 13607 45472 47172 23065 3830 4969 15661 20323 1930 7938
68851 64964 -8637 26606 35535 18662 14891 433 44023 15152 47364 49868 21875 3731 5213 16494 20980 625 8795
67194 65116 -7410 27782 36686 19434 16009 95 45482 15617 49693 51374 18855 3206 5782 17095 20461 0 9866
61038 65128 -7309 27582 38760 19939 17088 0 45663 14629 51445 51013 15494 2471 6070 17208 19101 -4 10699
50304 64981 -8509 26256 40917 19777 17708 0 44202 12476 51765 48846 13045 1916 6146 16619 17337 165 10806
36172 64122 -13537 24066 42844 18724 17577 0 40927 9767 50143 44749 12189 1312 6701 15209 15099 879 9878
22780 58847 -28846 20991 44778 16706 16584 36 35866 7385 46420 39132 13955 695 9248 12967 11900 3909 7846
18521 36071 -54717 16858 47103 13502 14809 537 28742 4648 40547 32134 20440 219 15147 9705 8346 9761 5329
29370 49277 -43207 13843 43899 11912 11055 3313 23848 3257 33318 29028 31876 3092 13328 7989 10335 14243 3818
43276 63034 -17936 13564 34863 10602 7773 7541 24416 5885 28118 32258 44030 7331 8810 8201 17786 12257 2868
55576 64789 -9866 20541 25105 11095 5907 7039 29858 14048 27538 41128 48948 9912 3355 10277 25121 6237 2510
62835 65062 -7862 28031 23311 12099 7799 4263 36308 20794 32663 48365 42456 8284 6941 12396 26446 1041 2778
66027 64967 -8612 32509 28783 14809 10999 0 40596 22030 39880 51352 29577 4750 9750 14222 23061 0 4815
65665 64898 -9118 30705 34965 17695 14187 0 43508 18132 46194 51095 18561 2759 9349 15901 20428 205 7655
61379 64546 -11343 27636 38818 19175 16225 24 44618 14702 49722 49921 13797 1751 7072 16654 18630 741 9712
56805 63909 -14507 25732 40794 19591 17065 30 44106 12676 50800 47910 13568 1520 6701 16586 17275 1599 10396
53941 63101 -17699 24068 41650 19355 17073 93 42748 11261 50238 45631 15294 1528 7011 16095 16308 2629 10211
53502 63070 -17809 22912 41218 18868 16447 320 41397 10544 48729 44069 17999 2052 6893 15578 16357 3336 9569
55242 63852 -14761 22605 39680 18355 15624 660 40727 10749 47155 43971 20703 2871 5986 15286 17395 3223 8829
57556 64498 -11618 23452 37879 18034 15004 725 40860 11680 46226 45209 22184 3536 5245 15276 18742 2069 8323
58637 65164 -6969 24907 36712 18000 14848 514 41506 12949 46234 47116 21427 3802 4833 15469 19774 825 8230
56813 65482 -2627 26165 36704 18104 15144 194 42034 13907 46886 48841 18424 3513 4704 15621 19983 80 8425
51481 65532 736 26725 37653 18136 15600 65 41819 14079 47496 49535 13896 2956 4474 15494 19496 0 8621
44298 65156 7047 26466 38881 17846 15855 41 40541 13366 47349 49319 8572 2402 3605 14945 18790 0 8475
36523 63782 15058 25809 39756 17069 15622 74 38209 12417 45990 48695 3893 1916 2239 13940 18274 0 7736
31646 60652 24823 25314 39844 15874 14766 163 36339 11942 43402 48488 979 1494 774 12641 18400 0 6580
34388 58319 29898 25333 39311 14676 13309 524 35792 12310 41274 49138 0 801 45 11696 19006 0 5532
42763 61840 21698 25949 38729 14017 11927 955 36832 13261 40487 50369 0 283 1985 11458 19636 0 4952
53959 64550 11319 26753 38524 14075 11258 988 38313 14229 41518 51741 0 0 4190 12239 20047 0 4730
64748 65248 6128 27433 38668 14963 11494 814 40111 15594 43235 53110 0 0 4683 13601 20329 1054 5012
73238 65467 3003 27993 38909 16603 12683 722 42761 16706 45355 54623 0 0 2985 15380 20679 1934 6328
79003 65536 337 28523 39285 18762 14439 755 46029 17539 48532 56143 0 0 1755 17162 20898 2398 8645
81617 65533 -589 28948 40000 20833 16581 665 49117 17322 52229 57178 0 -7 2333 18676 20725 1633 11242
82162 65517 -1564 29006 40968 22402 18374 358 51126 16642 55843 57512 254 38 3263 19723 20273 911 13255
78972 65494 -2342 28613 41990 23282 19648 243 51927 15700 58121 57109 1081 154 3713 20187 19611 523 14494
73978 65453 -3291 27899 42912 23576 20326 171 51571 14513 59020 55929 2303 313 4128 20122 18786 351 15006
66754 65439 -3546 26903 43612 23219 20483 128 50135 13125 58615 54044 3618 522 4380 19530 17894 309 14775
57379 65466 -3028 25736 43937 22330 20075 146 47716 11635 56953 51692 4581 745 4290 18481 17100 280 13876
46505 65405 -4151 24464 44017 20895 19210 126 44440 10072 54187 48818 5289 818 4448 17007 16198 200 12344
33847 65491 -2437 23168 43785 18993 17902 124 40348 8487 50407 45572 5623 1024 4319 15140 15406 88 10246
19723 65476 -2775 21698 43421 16675 16214 153 35542 7416 45729 41862 5671 950 4692 12929 14451 947 7969
5136 64307 -12633 19953 43391 13949 14182 241 30044 6722 40218 36820 6090 724 7334 10710 12745 3443 6351
9762 -62254 -20480 14851 49199 8500 14003 1025 18168 4435 32084 24919 8121 307 27397 6363 9984 12752 3749
23592 65380 -4518 11261 42369 10820 9241 7262 10918 2972 19604 20818 11716 11820 25689 5708 18548 17560 4153
37555 65534 -496 10004 31803 7221 6613 14234 14167 9030 12269 29560 14768 13006 21580 5684 25909 15027 2297
48892 65519 1491 24530 18872 8836 1394 13405 23424 20338 11635 44330 13929 13631 14397 7827 31543 5714 2297
58132 65508 1937 31278 22775 6958 5180 7081 33886 25474 24042 53218 9139 2045 16005 9736 25773 0 1895
65194 65449 3356 36367 30791 12803 8403 -5 37103 23121 35115 52507 3737 1020 17005 12233 22296 0 4398
69380 65430 3718 29436 36193 17501 13570 13 43111 17501 45008 54204 643 390 3907 15837 21509 0 7623
72223 65382 4484 29310 38035 19285 15452 10 45676 17024 49007 55582 0 234 3423 17133 21094 0 9509
72133 65362 4781 29041 39602 20506 16905 31 47277 16446 51909 56247 0 68 3278 17958 20495 0 11103
70851 65421 3873 28661 40896 21293 17873 14 48015 15670 53732 56202 0 30 3427 18393 19868 0 12140
67955 65471 2914 27984 41960 21574 18451 15 47971 14666 54575 55484 0 -6 3566 18437 19132 0 12606
63263 65532 756 27161 42776 21460 18609 10 47196 13473 54491 54069 0 0 3909 18138 18316 4 12574
57881 65513 -1747 26131 43292 20960 18433 21 45807 12213 53608 52096 0 0 4203 17538 17512 190 12092
51442 65175 -6866 24908 43663 20113 17942 26 43826 11017 51992 49382 676 0 4939 16649 16478 823 11194
46163 64405 -12120 23552 43702 19067 17132 38 41488 9984 49758 46147 2906 16 5824 15607 15569 1989 10005
44282 62747 -18913 22061 43303 17924 16070 211 39182 9283 47142 43086 7240 118 6817 14571 14847 3567 8638
46653 62576 -19474 21123 41747 17032 14809 694 37622 9267 44587 41449 13073 1005 6727 13888 15415 4740 7404
52869 63390 -16632 21186 39137 16557 13706 1286 37500 10263 42836 41866 18801 2288 5722 13807 17150 4716 6584
60358 64410 -12096 22889 36242 16659 13139 1317 38935 12162 42554 44408 22541 3641 4702 14360 19548 3077 6451
65868 64977 -8542 25331 34622 17265 13441 860 41325 14425 43982 47757 22945 3985 4597 15291 21098 1272 7071
68675 65046 -7988 27476 34984 18261 14473 244 43729 15878 46591 50546 20455 3503 5592 16277 21246 126 8292
67397 65162 -6986 28212 36777 19285 15841 28 45364 15945 49402 51713 16725 2770 6086 17007 20402 0 9670
62408 64871 -9311 27594 39121 19957 17020 0 45736 14576 51391 51010 13750 1931 6463 17243 18878 205 10687
54952 64343 -12449 26110 41175 19990 17655 0 44689 12609 51920 48753 12494 1496 6680 16863 17233 854 10964
47629 62844 -18590 24026 42690 19354 17552 6 42407 10600 50793 45359 13392 1045 7441 15928 15434 2204 10396
