-30718 39274 49860 64127 13517
-37974 31756 49502 64088 13699
-44008 24273 50258 64325 12531
-48552 17891 51744 64790 9857
-51991 12278 53421 65055 7919
-54336 8709 55030 65362 4778
-55691 6985 56127 65497 2237
-55913 7844 56461 65529 -958
-55808 9369 56588 65512 -1766
-55288 12846 56761 65411 -4059
-54523 15979 56816 65430 -3720
-53897 19062 57169 65438 -3594
-53302 20940 57267 65497 -2255
-53581 21142 57601 65536 -99
-54318 19769 57803 65512 1754
-55990 16707 58430 65422 3869
-57977 12328 59273 65325 5268
-59452 7566 59931 65310 5429
-60957 3628 61065 65388 4396
-62239 1027 62248 65476 2812
-61694 270 61694 65532 794
-59773 2771 59837 65477 -2750
-55510 8032 56088 65225 -6371
-49480 16477 52151 64503 -11589
-42141 26840 49962 63569 -15940
-32892 38429 50583 62690 -19102
-22718 49439 54409 63035 -17933
-12378 59736 61005 63862 -14713
-2736 66326 66383 64665 -10643
6254 68566 68851 64964 -8637
13630 65797 67194 65116 -7410
18970 58015 61038 65128 -7309
21710 45379 50304 64981 -8509
22014 28702 36172 64122 -13537
20404 10129 22780 58847 -28846
16007 -9318 18521 36071 -54717
9344 -27844 29370 49277 -43207
2014 -43229 43276 63034 -17936
-5799 -55273 55576 64789 -9866
-14007 -61254 62835 65062 -7862
-23049 -61874 66027 64967 -8612
-31260 -57747 65665 64898 -9118
-38120 -48106 61379 64546 -11343
-44260 -35607 56805 63909 -14507
-49598 -21205 53941 63101 -17699
-53058 -6873 53502 63070 -17809
-54975 5425 55242 63852 -14761
-55369 15716 57556 64498 -11618
-54386 21919 58637 65164 -6969
-51801 23331 56813 65482 -2627
-47174 20613 51481 65532 736
-42265 13268 44298 65156 7047
-36428 2640 36523 63782 15058
-30078 -9838 31646 60652 24823
-24207 -24424 34388 58319 29898
-18349 -38626 42763 61840 21698
-14388 -52005 53959 64550 11319
-11353 -63745 64748 65248 6128
-9524 -72616 73238 65467 3003
-9872 -78384 79003 65536 337
-10925 -80882 81617 65533 -589
-12936 -81137 82162 65517 -1564
-15211 -77494 78972 65494 -2342
-17876 -71786 73978 65453 -3291
-19611 -63808 66754 65439 -3546
-19372 -54010 57379 65466 -3028
-18442 -42693 46505 65405 -4151
-14568 -30551 33847 65491 -2437
-9234 -17427 19723 65476 -2775
-3234 -3989 5136 64307 -12633
3470 9124 9762 -62254 -20480
9886 21420 23592 65380 -4518
15995 33979 37555 65534 -496
19811 44699 48892 65519 1491
21973 53819 58132 65508 1937
21519 61540 65194 65449 3356
19148 66686 69380 65430 3718
15136 70619 72223 65382 4484
9931 71446 72133 65362 4781
5590 70630 70851 65421 3873
2344 67914 67955 65471 2914
1452 63246 63263 65532 756
2870 57810 57881 65513 -1747
7919 50829 51442 65175 -6866
15419 43512 46163 64405 -12120
26207 35695 44282 62747 -18913
37537 27704 46653 62576 -19474
49113 19571 52869 63390 -16632
59230 11612 60358 64410 -12096
65738 4139 65868 64977 -8542
68554 -4071 68675 65046 -7988
66470 -11144 67397 65162 -6986
59458 -18959 62408 64871 -9311
48231 -26336 54952 64343 -12449
33611 -33746 47629 62844 -18590
