26184 41715 17103 14807 2422 40949 13727 47191 52082 0 0 2921 14260 18571 2453 6797 44713 271
26126 41255 17219 14722 19 40305 12769 46158 51842 0 0 1500 14448 18710 0 7521 44222 537
26116 40980 16995 14407 26 39991 12869 45582 51738 0 0 1639 14314 18796 0 7212 44257 480
26213 40790 16938 14175 5 39767 12980 45167 51653 0 0 2202 14350 18843 0 7074 45086 322
26235 40687 17018 14119 14 39851 13021 44943 51583 0 0 2584 14531 18861 0 7119 46238 196
26215 40688 17240 14250 46 40220 12991 45060 51407 0 0 2945 14805 18772 12 7353 47308 35
26134 40720 17551 14546 75 40869 12919 45556 51135 0 0 3140 15104 18676 141 7726 48631 9
25922 40853 17885 14909 117 41445 12816 46322 50611 0 0 3586 15368 18402 489 8145 49631 -176
25692 40848 18168 15246 171 41824 12661 47007 50058 0 32 3741 15558 18305 831 8513 50576 -165
25389 40771 18375 15485 222 42023 12490 47467 49514 830 60 3973 15675 18177 1050 8778 51305 -234
25309 40457 18503 15613 227 42126 12357 47712 49228 2357 364 4030 15747 18338 934 8937 51721 -135
25277 40124 18573 15665 254 42209 12347 47825 49181 4266 646 4097 15799 18475 686 9018 51772 -144
25518 39731 18607 15694 219 42289 12511 47899 49432 5416 1049 4008 15836 18787 338 9059 51404 -24
25771 39427 18657 15717 222 42390 12841 47982 49964 5518 1189 3734 15884 19076 106 9109 51222 115
26173 39270 18698 15765 129 42495 13277 48094 50610 4638 1215 3647 15928 19315 0 9162 51310 325
26521 39256 18775 15803 87 42621 13689 48217 51352 2864 1044 3412 15991 19527 0 9240 51713 600
26828 39400 18858 15857 23 42803 14017 48374 52053 1235 693 3365 16076 19621 0 9331 52549 825
27054 39685 18963 15919 0 43033 14189 48570 52596 206 352 3399 16182 19606 0 9444 53391 933
27117 40088 19108 16004 -4 43344 14156 48838 52879 0 91 3598 16326 19453 0 9599 54328 865
27042 40508 19285 16126 0 43734 13943 49191 52887 0 0 3844 16503 19238 0 9794 55146 720
26807 40923 19425 16314 17 44059 13591 49602 52576 0 0 3979 16637 18920 33 9984 55160 463
26399 41411 19480 16530 27 44088 13110 49937 51705 0 0 4323 16638 18355 328 10113 54310 24
25692 41978 19338 16700 52 43562 12426 49959 50067 771 0 4826 16394 17527 982 10058 52232 -539
24615 42472 19007 16637 79 42454 11556 49408 47663 3057 14 5608 15923 16555 2034 9755 50081 -1003
23368 42479 18480 16262 144 41031 10732 48236 45087 7161 286 6234 15324 15906 3182 9171 48633 -1010
22313 41742 17911 15578 375 39782 10323 46675 43314 12382 885 6592 14802 15851 4153 8433 49107 -754
22051 40022 17536 14783 700 39349 10673 45287 43018 17581 2002 6225 14626 16882 4373 7815 51235 -425
22836 37787 17534 14215 963 40131 11861 44739 44507 21528 3077 5466 14943 18615 3555 7596 54231 -217
24664 35944 17942 14217 802 41936 13607 45472 47172 23065 3830 4969 15661 20323 1930 7938 56447 -23
26606 35535 18662 14891 433 44023 15152 47364 49868 21875 3731 5213 16494 20980 625 8795 57886 118
27782 36686 19434 16009 95 45482 15617 49693 51374 18855 3206 5782 17095 20461 0 9866 57626 64
27582 38760 19939 17088 0 45663 14629 51445 51013 15494 2471 6070 17208 19101 -4 10699 55136 -425
26256 40917 19777 17708 0 44202 12476 51765 48846 13045 1916 6146 16619 17337 165 10806 48170 -1174
24066 42844 18724 17577 0 40927 9767 50143 44749 12189 1312 6701 15209 15099 879 9878 35332 -1843
20991 44778 16706 16584 36 35866 7385 46420 39132 13955 695 9248 12967 11900 3909 7846 22451 -1668
16858 47103 13502 14809 537 28742 4648 40547 32134 20440 219 15147 9705 8346 9761 5329 17895 -67
13843 43899 11912 11055 3313 23848 3257 33318 29028 31876 3092 13328 7989 10335 14243 3818 26719 654
13564 34863 10602 7773 7541 24416 5885 28118 32258 44030 7331 8810 8201 17786 12257 2868 37767 75
20541 25105 11095 5907 7039 29858 14048 27538 41128 48948 9912 3355 10277 25121 6237 2510 44445 -828
28031 23311 12099 7799 4263 36308 20794 32663 48365 42456 8284 6941 12396 26446 1041 2778 46980 -1021
32509 28783 14809 10999 0 40596 22030 39880 51352 29577 4750 9750 14222 23061 0 4815 49993 -1048
30705 34965 17695 14187 0 43508 18132 46194 51095 18561 2759 9349 15901 20428 205 7655 53113 -868
27636 38818 19175 16225 24 44618 14702 49722 49921 13797 1751 7072 16654 18630 741 9712 54670 -839
25732 40794 19591 17065 30 44106 12676 50800 47910 13568 1520 6701 16586 17275 1599 10396 53221 -1081
24068 41650 19355 17073 93 42748 11261 50238 45631 15294 1528 7011 16095 16308 2629 10211 51470 -1100
22912 41218 18868 16447 320 41397 10544 48729 44069 17999 2052 6893 15578 16357 3336 9569 51180 -774
22605 39680 18355 15624 660 40727 10749 47155 43971 20703 2871 5986 15286 17395 3223 8829 51652 -442
23452 37879 18034 15004 725 40860 11680 46226 45209 22184 3536 5245 15276 18742 2069 8323 51881 -318
24907 36712 18000 14848 514 41506 12949 46234 47116 21427 3802 4833 15469 19774 825 8230 51736 -226
26165 36704 18104 15144 194 42034 13907 46886 48841 18424 3513 4704 15621 19983 80 8425 50514 -164
26725 37653 18136 15600 65 41819 14079 47496 49535 13896 2956 4474 15494 19496 0 8621 47147 -217
26466 38881 17846 15855 41 40541 13366 47349 49319 8572 2402 3605 14945 18790 0 8475 40798 -273
25809 39756 17069 15622 74 38209 12417 45990 48695 3893 1916 2239 13940 18274 0 7736 32111 -203
25314 39844 15874 14766 163 36339 11942 43402 48488 979 1494 774 12641 18400 0 6580 27084 702
25333 39311 14676 13309 524 35792 12310 41274 49138 0 801 45 11696 19006 0 5532 28955 1442
25949 38729 14017 11927 955 36832 13261 40487 50369 0 283 1985 11458 19636 0 4952 36575 1720
26753 38524 14075 11258 988 38313 14229 41518 51741 0 0 4190 12239 20047 0 4730 43491 1057
27433 38668 14963 11494 814 40111 15594 43235 53110 0 0 4683 13601 20329 1054 5012 49302 439
27993 38909 16603 12683 722 42761 16706 45355 54623 0 0 2985 15380 20679 1934 6328 54478 528
28523 39285 18762 14439 755 46029 17539 48532 56143 0 0 1755 17162 20898 2398 8645 59726 1126
28948 40000 20833 16581 665 49117 17322 52229 57178 0 -7 2333 18676 20725 1633 11242 64561 1923
29006 40968 22402 18374 358 51126 16642 55843 57512 254 38 3263 19723 20273 911 13255 67921 2195
28613 41990 23282 19648 243 51927 15700 58121 57109 1081 154 3713 20187 19611 523 14494 68678 1928
27899 42912 23576 20326 171 51571 14513 59020 55929 2303 313 4128 20122 18786 351 15006 67233 1212
26903 43612 23219 20483 128 50135 13125 58615 54044 3618 522 4380 19530 17894 309 14775 62888 351
25736 43937 22330 20075 146 47716 11635 56953 51692 4581 745 4290 18481 17100 280 13876 55534 -391
24464 44017 20895 19210 126 44440 10072 54187 48818 5289 818 4448 17007 16198 200 12344 44991 -1036
23168 43785 18993 17902 124 40348 8487 50407 45572 5623 1024 4319 15140 15406 88 10246 30498 -1350
21698 43421 16675 16214 153 35542 7416 45729 41862 5671 950 4692 12929 14451 947 7969 16258 -1246
19953 43391 13949 14182 241 30044 6722 40218 36820 6090 724 7334 10710 12745 3443 6351 4649 -1273
14851 49199 8500 14003 1025 18168 4435 32084 24919 8121 307 27397 6363 9984 12752 3749 7736 1046
11261 42369 10820 9241 7262 10918 2972 19604 20818 11716 11820 25689 5708 18548 17560 4153 19839 1268
10004 31803 7221 6613 14234 14167 9030 12269 29560 14768 13006 21580 5684 25909 15027 2297 31669 319
24530 18872 8836 1394 13405 23424 20338 11635 44330 13929 13631 14397 7827 31543 5714 2297 37038 -588
31278 22775 6958 5180 7081 33886 25474 24042 53218 9139 2045 16005 9736 25773 0 1895 41498 -424
36367 30791 12803 8403 -5 37103 23121 35115 52507 3737 1020 17005 12233 22296 0 4398 47389 133
29436 36193 17501 13570 13 43111 17501 45008 54204 643 390 3907 15837 21509 0 7623 54881 1609
29310 38035 19285 15452 10 45676 17024 49007 55582 0 234 3423 17133 21094 0 9509 58627 1998
29041 39602 20506 16905 31 47277 16446 51909 56247 0 68 3278 17958 20495 0 11103 60760 2015
28661 40896 21293 17873 14 48015 15670 53732 56202 0 30 3427 18393 19868 0 12140 61661 1781
27984 41960 21574 18451 15 47971 14666 54575 55484 0 -6 3566 18437 19132 0 12606 60814 1266
27161 42776 21460 18609 10 47196 13473 54491 54069 0 0 3909 18138 18316 4 12574 58261 535
26131 43292 20960 18433 21 45807 12213 53608 52096 0 0 4203 17538 17512 190 12092 54348 -163
24908 43663 20113 17942 26 43826 11017 51992 49382 676 0 4939 16649 16478 823 11194 49056 -927
23552 43702 19067 17132 38 41488 9984 49758 46147 2906 16 5824 15607 15569 1989 10005 44974 -1212
22061 43303 17924 16070 211 39182 9283 47142 43086 7240 118 6817 14571 14847 3567 8638 43552 -1034
21123 41747 17032 14809 694 37622 9267 44587 41449 13073 1005 6727 13888 15415 4740 7404 45395 -525
21186 39137 16557 13706 1286 37500 10263 42836 41866 18801 2288 5722 13807 17150 4716 6584 48681 -319
22889 36242 16659 13139 1317 38935 12162 42554 44408 22541 3641 4702 14360 19548 3077 6451 52002 -147
25331 34622 17265 13441 860 41325 14425 43982 47757 22945 3985 4597 15291 21098 1272 7071 54676 -10
27476 34984 18261 14473 244 43729 15878 46591 50546 20455 3503 5592 16277 21246 126 8292 56825 145
28212 36777 19285 15841 28 45364 15945 49402 51713 16725 2770 6086 17007 20402 0 9670 57384 72
27594 39121 19957 17020 0 45736 14576 51391 51010 13750 1931 6463 17243 18878 205 10687 56269 -473
26110 41175 19990 17655 0 44689 12609 51920 48753 12494 1496 6680 16863 17233 854 10964 52213 -1118
24026 42690 19354 17552 6 42407 10600 50793 45359 13392 1045 7441 15928 15434 2204 10396 47139 -1476
