Index, I_out, Q_out
1, 34096, -41508
2, 42739, -31448
3, 46162, -17519
4, 34769, -3605
5, -1843, 9251
6, -25628, 9614
7, -45570, 6177
8, -48291, 6593
9, -49122, 8021
10, -49664, 11991
11, -49224, 14825
12, -49241, 17506
13, -48550, 19049
14, -48247, 18777
15, -48730, 17325
16, -49501, 14250
17, -51343, 10062
18, -52440, 5792
19, -53591, 2325
20, -54503, -42
21, -55226, -924
22, -55085, 2078
23, -53681, 7566
24, -49405, 17081
25, -42068, 27309
26, -31128, 37876
27, -19514, 44687
28, -9951, 50213
29, -2221, 54319
30, 5148, 56554
31, 11747, 57157
32, 17350, 54952
33, 24107, 49847
34, 30148, 37232
35, 32690, 13931
36, 18317, -12385
37, 5481, -16751
38, 2199, -26824
39, -3720, -37277
40, -10578, -43249
41, -17450, -43481
42, -24706, -43145
43, -33678, -40971
44, -43231, -33227
45, -49448, -19880
46, -51056, -5635
47, -50784, 5752
48, -49715, 14627
49, -48153, 19735
50, -47438, 21291
51, -46952, 20795
52, -44896, 14516
53, -40797, 3382
54, -30400, -9674
55, -18498, -19754
56, -11287, -27604
57, -7960, -35448
58, -6250, -43392
59, -5889, -49160
60, -5743, -54189
61, -6816, -58960
62, -8418, -64296
63, -11071, -67487
64, -14776, -67424
65, -18779, -65132
66, -20924, -59416
67, -22842, -51493
68, -20187, -39729
69, -15676, -26298
70, -11121, -11882
71, 2891, 4075
72, 2412, 7876
73, 7479, 18753
74, 12403, 29418
75, 14491, 34331
76, 13853, 39091
77, 13203, 45732
78, 9622, 54123
79, 6225, 58638
80, 2861, 60631
81, 255, 62030
82, 122, 60928
83, 2611, 58679
84, 8145, 54087
85, 16981, 46080
86, 27441, 35586
87, 35849, 25432
88, 42595, 16872
89, 47984, 9043
90, 51927, 2931
91, 54848, -3215
92, 56284, -9279
93, 54872, -17324
94, 49175, -26845
95, 35985, -37472
96, 18103, -43908
97, 323, -44117
98, -11303, -42908
99, -18251, -44543
100, -21501, -44562
101, -21937, -46631
102, -17113, -48764
103, -7263, -49565
104, 8128, -46232
105, 22408, -36502
106, 33111, -27743
107, 42879, -21795
108, 49745, -16278
109, 54551, -11870
110, 56361, -8825
111, 54582, -4960
112, 48750, -1321
113, 34197, 4485
114, -6423, 14287
115, -6820, 700
116, -23667, 4156
117, -35384, 7009
118, -42668, 9108
119, -43147, 9878
120, -46144, 11570
121, -48204, 13858
122, -41125, 15877
123, -16422, 22156
124, 12309, 1620
125, 18061, 1219
126, 32667, -2429
127, 41293, -8201
128, 43813, -13375
129, 45223, -19478
130, 47690, -27183
131, 47758, -38168
132, 37770, -48762
133, 21770, -54902
134, 3380, -57055
135, -12654, -54874
136, -25393, -50848
137, -35330, -45421
138, -41987, -39170
139, -48209, -32245
140, -52212, -23702
141, -55452, -14609
142, -54747, -3900
143, -52442, 6553
144, -49141, 15683
145, -43524, 23788
146, -37588, 30037
147, -32014, 33645
148, -26512, 37182
149, -19912, 38970
150, -13011, 40643
151, -6201, 41767
152, 1762, 41965
153, 8927, 41076
154, 14906, 41987
155, 20607, 43482
156, 24647, 46345
157, 27336, 49166
158, 28531, 52614
159, 27625, 56026
160, 24833, 58921
161, 20428, 60846
162, 12770, 60834
163, 1770, 57251
164, -11230, 48218
165, -24096, 33735
166, -30797, 19330
167, -35758, 9443
168, -40550, 4417
169, -43056, 2914
170, -45439, 4488
171, -45930, 9043
172, -44972, 17214
173, -39226, 28059
174, -29877, 38013
175, -18903, 45971
176, -9538, 51680
177, -1188, 55637
178, 4902, 57689
179, 12245, 57275
180, 19539, 54004
181, 26741, 46650
182, 33973, 29318
183, 31085, 733
184, 13980, -16805
185, 6359, -20741
186, 2494, -35474
187, -5085, -42646
188, -12102, -45435
189, -20242, -44098
190, -30038, -42734
191, -41578, -37070
192, -50034, -23769
193, -54064, -8649
194, -54619, 4792
195, -54331, 14789
196, -52685, 21404
197, -50423, 24102
198, -48585, 22479
199, -45487, 15321
200, -39321, 1014
201, -23726, -14457
202, -10233, -19043
203, -6710, -28076
204, -5859, -37602
205, -7392, -44877
206, -10524, -47344
207, -15708, -49242
208, -24120, -48935
209, -34956, -43687
210, -44290, -30140
211, -49289, -14017
212, -51924, 964
213, -51546, 12570
214, -49857, 22428
215, -46846, 29611
216, -41960, 35930
217, -35784, 41499
218, -25724, 44996
219, -15426, 47173
220, -3100, 45814
221, 6753, 42127
222, 13875, 39573
223, 18436, 40184
224, 21078, 41532
225, 21196, 44669
226, 19920, 48161
227, 17056, 52263
228, 13867, 55356
229, 11090, 58265
230, 9192, 59848
231, 8430, 59397
232, 10502, 56304
233, 14212, 49539
234, 21634, 39094
235, 27113, 23213
236, 29217, 9149
237, 31485, -956
238, 35348, -7727
239, 39316, -11615
240, 43169, -14803
241, 47745, -15739
242, 51787, -15613
243, 55140, -13900
244, 57280, -10991
245, 58175, -8245
246, 57477, -6577
247, 55236, -6348
248, 52083, -8203
249, 47170, -11319
250, 42922, -17927
251, 36854, -24375
252, 31541, -31852
253, 24561, -37769
254, 18217, -42936
255, 10881, -47311
256, 2992, -50752
257, -6111, -52507
258, -17141, -50776
259, -29061, -45210
260, -39946, -36967
261, -48541, -25582
262, -54441, -15240
263, -58146, -3852
264, -59868, 5165
265, -59145, 13826
266, -55952, 20410
267, -51018, 26449
268, -40390, 31462
269, -21731, 33122
270, 7679, 24486
271, 15453, 4742
272, 17442, 184
273, 32728, -5884
274, 39277, -12276
275, 42607, -17418
276, 42829, -21476
277, 43561, -26942
278, 42757, -33626
279, 32946, -39343
280, 18158, -41251
281, 2863, -38747
282, -8636, -36924
283, -15628, -36306
284, -19818, -38632
285, -21547, -42316
286, -21408, -47744
287, -19985, -52789
288, -17088, -58125
289, -13919, -62033
290, -11003, -65868
291, -8173, -66665
292, -7633, -64192
293, -7657, -57241
294, -8690, -44348
295, -12563, -24217
296, -5526, 9442
297, -2910, 10341
298, -2969, 24054
299, 487, 33349
300, 5379, 39427
301, 11263, 41495
302, 18602, 44039
303, 27901, 43951
304, 38102, 37998
305, 45980, 26029
306, 50948, 13565
307, 52769, 2546
308, 53229, -7023
309, 52623, -14980
310, 49238, -20979
311, 44595, -25482
312, 35939, -28072
313, 24912, -28189
314, 5551, -24114
315, -12631, -6602
316, -11748, -139
317, -24671, 3836
318, -32767, 9298
319, -40147, 14672
320, -43528, 16825
321, -50210, 18941
322, -58693, 20061
323, -65720, 20419
324, -70064, 21072
325, -71701, 19931
326, -70304, 18528
327, -65347, 15238
328, -54745, 8694
329, -36414, -2440
330, -3002, -16708
331, 4729, -3241
332, 19614, -10417
333, 32576, -15226
334, 40257, -16714
335, 40468, -14315
336, 43611, -10003
337, 49078, -4238
338, 49236, 7492
339, 40454, 21494
340, 26095, 31717
341, 13012, 37524
342, 6307, 42205
343, 2863, 46266
344, 3529, 49567
345, 8306, 50175
346, 17316, 47969
347, 28954, 40064
348, 40682, 25585
349, 47817, 11525
350, 52284, 268
351, 55282, -8689
352, 56262, -15387
353, 55024, -20408
354, 52372, -24308
355, 45595, -27147
356, 27411, -28953
357, -17803, -11142
358, -10813, 1118
359, -25859, 5729
360, -37515, 11414
361, -43052, 16497
362, -44329, 16695
363, -46748, 16418
364, -48326, 14541
365, -42743, 8572
366, -19370, -16923
367, 5380, -3865
368, 14753, -6173
369, 31416, -12427
370, 41644, -14496
371, 44744, -11897
372, 47999, -6926
373, 52630, 1328
374, 52783, 14850
375, 43264, 29235
376, 29136, 39449
377, 15729, 44497
378, 7572, 49366
379, 2732, 51329
380, 1692, 52689
381, 4651, 52120
382, 10984, 48401
383, 21669, 38915
384, 30605, 21110
385, 34547, 6774
386, 39277, -3871
387, 43985, -11551
388, 46954, -17284
389, 49543, -21643
390, 52960, -24282
391, 55669, -26183
392, 58370, -26885
393, 59300, -25943
394, 58385, -23657
395, 55738, -18961
396, 51058, -12623
397, 47603, -5159
398, 41872, 2470
399, 36398, 9830
400, 32008, 16636
401, 28442, 22015
402, 25714, 28542
403, 22372, 33596
404, 18811, 38097
405, 14892, 43075
406, 10297, 47277
407, 5760, 51703
408, 1702, 54769
409, -1465, 56530
410, -3199, 57833
411, -3143, 57926
412, -369, 57600
413, 5521, 55462
414, 13879, 51887
415, 24251, 44623
416, 33522, 34628
417, 40621, 26274
418, 45747, 18591
419, 51359, 12263
420, 54268, 5617
421, 56250, -1453
422, 56323, -9555
423, 53180, -19427
424, 43947, -30901
425, 29798, -40169
426, 13308, -45754
427, 569, -47318
428, -8990, -48951
429, -15131, -49653
430, -18958, -50461
431, -19079, -51122
432, -15945, -51964
433, -7138, -49795
434, 6907, -41588
435, 20145, -27670
436, 27732, -15190
437, 35302, -9117
438, 43018, -6310
439, 46767, -6578
440, 49323, -8272
441, 49429, -13578
442, 46032, -22279
443, 36141, -33401
444, 18325, -41054
445, 3737, -43697
446, -6959, -45995
447, -14511, -47743
448, -18119, -48992
449, -19749, -49809
450, -16451, -51112
451, -8591, -50411
452, 4553, -43761
453, 18657, -28535
454, 25434, -14286
455, 32805, -7925
456, 40597, -4989
457, 45935, -5529
458, 48597, -8342
459, 50268, -13533
460, 48564, -21763
461, 41630, -34044
462, 28146, -43963
463, 11996, -49746
464, -1176, -51577
465, -12775, -52326
466, -22920, -51091
467, -31351, -47823
468, -38099, -42766
469, -44520, -35114
470, -49144, -24354
471, -50486, -11863
472, -48694, 1215
473, -45491, 11481
474, -42833, 18394
475, -41457, 22671
476, -41916, 24821
477, -43727, 24189
478, -46128, 22569
479, -48390, 18712
480, -50674, 14504
481, -52618, 11220
482, -53385, 8978
483, -54171, 6716
484, -53387, 6811
485, -51864, 8346
486, -49717, 11382
487, -47871, 13906
488, -45474, 17098
489, -43899, 19288
490, -43139, 19253
491, -42752, 19108
492, -44664, 16788
493, -46197, 13585
494, -49484, 9891
495, -52917, 5942
496, -54923, 2808
497, -57573, 1029
498, -58611, 695
499, -58856, 2802
500, -57934, 7473
501, -53407, 16312
502, -45618, 26481
503, -33429, 35549
504, -19719, 41329
505, -8797, 46314
506, -541, 48091
507, 6118, 50368
508, 11473, 51751
509, 15287, 51563
510, 18383, 50128
511, 20743, 44982
512, 21100, 34150
513, 19997, 17228
514, 5436, -12013
515, -157, -8398
516, -3415, -20728
517, -7369, -30054
518, -12386, -38183
519, -14396, -41668
520, -15750, -47807
521, -16092, -54031
522, -16928, -59642
523, -17039, -60581
524, -16506, -61498
525, -15875, -59070
526, -14931, -56249
527, -12393, -51276
528, -11659, -46789
529, -9961, -42957
530, -8826, -40305
531, -8135, -38066
532, -8390, -38154
533, -8519, -39345
534, -10174, -41289
535, -10927, -43736
536, -12606, -47188
537, -13730, -50399
538, -15586, -53753
539, -16909, -56126
540, -18203, -58557
541, -19421, -61325
542, -19762, -60972
543, -19371, -60184
544, -17558, -57095
545, -13232, -50879
546, -5847, -39995
547, 5872, -24048
548, 11239, 1847
549, 4023, 7424
550, 10368, 19818
551, 14234, 30200
552, 14997, 36996
553, 11248, 40137
554, 6570, 45282
555, -1852, 50566
556, -12991, 51055
557, -25078, 47078
558, -36265, 39525
559, -44900, 28519
560, -50963, 17891
561, -53936, 8601
562, -55660, -111
563, -53524, -9469
564, -48679, -17996
565, -41314, -26571
566, -30528, -32546
567, -19973, -36757
568, -10793, -38442
569, -5408, -40136
570, -3782, -41443
571, -4372, -43747
572, -7660, -46603
573, -11817, -49920
574, -17426, -52123
575, -21991, -53347
576, -25934, -54782
577, -27071, -54942
578, -24867, -56331
579, -19028, -55053
580, -7937, -53814
581, 7416, -45120
582, 21475, -33080
583, 31240, -21807
584, 39641, -15465
585, 47330, -12362
586, 50671, -10321
587, 53402, -10226
588, 53839, -9711
589, 50587, -10925
590, 40381, -14696
591, 16309, -20790
592, -11779, -3522
593, -16242, -2842
594, -29918, -285
595, -38037, 5196
596, -41995, 10789
597, -43653, 17082
598, -43982, 25606
599, -42317, 36405
600, -32536, 46166
601, -18264, 52118
602, -5055, 54179
603, 6795, 53470
604, 16260, 51696
605, 23387, 48847
606, 27524, 44461
607, 30155, 37202
608, 30262, 27353
609, 27503, 10045
610, 11731, -11572
611, -111, -9737
612, -3009, -18080
613, -8779, -31140
614, -14711, -39767
615, -16837, -44668
616, -18735, -49904
617, -19702, -56876
618, -20579, -65429
619, -21412, -69573
620, -21312, -71103
621, -19811, -69817
622, -17692, -64370
623, -11225, -53570
624, 597, -35982
625, 14391, -7780
626, 4609, 4329
627, 7865, 11687
628, 15629, 27186
629, 19559, 36770
630, 17026, 39920
631, 12671, 42817
632, 5150, 46504
633, -6296, 48341
634, -20069, 42698
635, -32060, 32342
636, -40370, 22537
637, -46481, 15478
638, -51943, 11541
639, -53812, 9005
640, -53931, 9455
641, -51836, 12841
642, -42971, 20960
643, -24659, 29947
644, -3404, 30391
645, 7052, 29193
646, 14554, 34201
647, 19710, 39044
648, 19072, 42774
649, 15709, 46963
650, 6898, 50955
651, -6820, 50624
652, -21915, 44898
653, -34796, 34745
654, -45097, 26460
655, -53052, 18831
656, -56784, 11729
657, -57916, 5792
658, -55810, -55
659, -48448, -6708
660, -30687, -15714
661, 3955, -18555
662, 9634, -4036
663, 25569, -6552
664, 38840, -7850
665, 45807, -7860
666, 45595, -7265
667, 47250, -6562
668, 50174, -5834
669, 43092, -4132
670, 26707, -157
671, -7543, 2704
672, -10126, -889
673, -28793, 3242
674, -41091, 6986
675, -43847, 10039
676, -47157, 10019
677, -53093, 12564
678, -61769, 15577
679, -63270, 17789
680, -60285, 19843
681, -56443, 20275
682, -50865, 18935
683, -45547, 16063
684, -43452, 12637
685, -41138, 9502
686, -42839, 6507
687, -44500, 5131
688, -47184, 4956
689, -50268, 5236
690, -52226, 7412
691, -53796, 11050
692, -52844, 15469
693, -49310, 22247
694, -44245, 29221
695, -33254, 35822
696, -21397, 40309
697, -9642, 42418
698, 416, 43376
699, 8282, 44165
700, 14960, 44517
701, 20239, 45663
702, 23831, 46559
703, 26256, 47715
704, 27024, 49826
705, 27361, 51016
706, 25261, 52772
707, 21619, 53611
708, 16849, 54197
709, 9790, 53367
710, 1380, 51933
711, -7592, 48100
712, -16433, 42724
713, -24640, 35693
714, -31595, 29174
715, -37641, 22946
716, -42257, 17118
717, -45712, 10768
718, -47808, 5818
719, -48819, -329
720, -48490, -7008
721, -45734, -13806
722, -41301, -19919
723, -34176, -26574
724, -24529, -31794
725, -16256, -35982
726, -9078, -40522
727, -4518, -44613
728, -851, -48061
729, 825, -52526
730, 1703, -57126
731, 597, -61243
732, -1347, -64486
733, -5548, -66489
734, -11504, -66327
735, -19548, -61193
736, -29241, -50726
737, -38852, -34572
738, -41842, -14013
739, -40082, 2083
740, -38646, 12024
741, -38939, 18061
742, -40058, 21499
743, -42374, 21161
744, -45548, 16251
745, -47211, 6675
746, -45235, -6593
747, -40232, -20128
748, -33219, -31848
749, -28635, -41945
750, -24067, -49322
751, -18707, -54026
752, -13641, -56384
753, -8229, -55605
754, -1134, -50860
755, 9754, -38298
756, 22712, -4726
757, 6682, 7970
758, 8545, 17413
759, 11526, 33788
760, 12747, 43523
761, 11327, 44876
762, 8151, 46820
763, 4707, 47705
764, -2098, 44222
765, -15055, 26829
766, -14971, -7035
767, -5000, -11607
768, -9763, -27779
769, -10038, -37839
770, -9402, -44455
771, -6007, -46450
772, 520, -51364
773, 9405, -54817
774, 20930, -52084
775, 31285, -42143
776, 40698, -28680
777, 44572, -14977
778, 47767, -6250
779, 49898, -256
780, 51681, 2955
781, 53543, 4500
782, 55262, 3708
783, 56064, 819
784, 55518, -2579
785, 53902, -7997
786, 52062, -13434
787, 49768, -18748
788, 46957, -22145
789, 45531, -24677
790, 44668, -26075
791, 44641, -26409
792, 45582, -25896
793, 47943, -24818
794, 49454, -20388
795, 50990, -15566
796, 50966, -8822
797, 51048, -99
798, 49163, 8794
799, 44036, 18657
800, 38445, 27929
801, 32124, 35198
802, 26129, 41660
803, 18905, 46417
804, 12767, 49587
805, 5123, 51542
806, -4052, 50522
807, -12126, 47637
808, -21715, 40768
809, -29692, 31835
810, -35911, 22022
811, -39575, 13875
812, -42268, 8238
813, -44999, 5573
814, -47233, 5862
815, -49866, 6703
816, -51937, 10156
817, -52724, 14344
818, -53526, 18470
819, -52354, 21772
820, -51529, 23717
821, -50943, 22418
822, -50392, 17505
823, -49599, 10636
824, -46738, -1137
825, -40288, -12702
826, -34061, -23332
827, -28852, -33450
828, -23844, -40865
829, -19126, -46974
830, -12944, -50724
831, -6271, -52924
832, 2262, -52764
833, 12831, -49569
834, 23214, -40998
835, 30778, -29017
836, 36320, -17517
837, 40714, -10056
838, 43288, -6195
839, 44656, -5067
840, 46413, -8142
841, 46163, -13580
842, 43361, -22330
843, 37075, -32463
844, 27249, -40792
845, 15629, -47102
846, 4317, -50582
847, -6994, -51957
848, -17933, -51246
849, -29050, -47615
850, -39549, -41052
851, -48856, -32173
852, -55208, -21363
853, -58929, -9465
854, -61101, 954
855, -59224, 10877
856, -56169, 19443
857, -49711, 27037
858, -40651, 31739
859, -24789, 34382
860, -3453, 30194
861, 14641, 14030
862, 18355, 4001
863, 26448, -1063
864, 34370, -7792
865, 39479, -14617
866, 41778, -20139
867, 42991, -26511
868, 43099, -33830
869, 38352, -41560
870, 28956, -48565
871, 15348, -52539
872, 143, -52278
873, -12884, -48911
874, -23270, -45574
875, -31686, -41316
876, -38203, -37562
877, -43660, -32534
878, -47878, -27025
879, -50114, -19254
880, -52195, -9827
881, -50633, 1532
882, -46516, 13291
883, -41359, 23126
884, -37944, 30809
885, -32587, 37767
886, -28535, 43073
887, -23807, 47423
888, -18562, 50701
889, -11014, 53397
890, -1291, 54049
891, 10599, 51323
892, 22980, 44438
893, 34109, 35499
894, 42922, 26823
895, 49402, 18866
896, 55023, 12186
897, 58054, 5758
898, 60043, -293
899, 60053, -6342
900, 57155, -13723
901, 49073, -21664
902, 32049, -30931
903, 6150, -32391
904, -12662, -22016
905, -20761, -13666
906, -30870, -9947
907, -36789, -2681
908, -42180, 5716
909, -42502, 15322
910, -42184, 26428
911, -37459, 38822
912, -29290, 48059
913, -19353, 56400
914, -8784, 61996
915, 468, 63769
916, 9174, 63962
917, 17635, 60516
918, 25786, 52138
919, 33107, 37647
920, 35218, 11605
921, 18917, -14321
922, 7415, -19288
923, 2995, -30580
924, -3122, -40535
925, -9201, -44734
926, -14797, -45213
927, -20840, -45203
928, -27688, -41261
929, -34736, -27994
930, -32787, -1469
931, -16628, 17175
932, -6375, 21137
933, -868, 32923
934, 7449, 40237
935, 16170, 43067
936, 24532, 42763
937, 34461, 41455
938, 45904, 36702
939, 55134, 28023
940, 61179, 15087
941, 63272, 2051
942, 61438, -11027
943, 55985, -21904
944, 48273, -30391
945, 35540, -37375
946, 18152, -39404
947, -3344, -33397
948, -19240, -16100
949, -22531, -4873
950, -29701, 1147
951, -35450, 8672
952, -39873, 16327
953, -40471, 22876
954, -41061, 30045
955, -39402, 37245
956, -32999, 44571
957, -22873, 50092
958, -10024, 52261
959, 2293, 51408
960, 13064, 47695
961, 20237, 45602
962, 26221, 43999
963, 29654, 43530
964, 30857, 42969
965, 30435, 44449
966, 27896, 46000
967, 23500, 47761
968, 17671, 48609
969, 12041, 49795
970, 5937, 51203
971, 1029, 51365
972, -1718, 51783
973, -3216, 53132
974, -3496, 55205
975, -1356, 56124
976, 2323, 56425
977, 8488, 56255
978, 16973, 52869
979, 26116, 46772
980, 35173, 37834
981, 42591, 27716
982, 46688, 16308
983, 50111, 7890
984, 52807, 215
985, 53322, -7305
986, 52054, -13069
987, 49305, -17789
988, 44813, -22407
989, 35028, -24980
990, 20460, -26302
991, -2086, -20441
992, -12256, -4855
993, -13007, -486
994, -27673, 3335
995, -36248, 9888
996, -41366, 14521
997, -43801, 18224
998, -49184, 21183
999, -55723, 24145
1000, -59658, 25943
1001, -61437, 26457
1002, -60828, 25358
1003, -59470, 20998
1004, -55894, 13885
1005, -50143, 3762
1006, -43114, -6969
1007, -34159, -17336
1008, -26624, -24600
1009, -22306, -32369
1010, -18961, -37405
1011, -16091, -40680
1012, -12884, -44229
1013, -9902, -46617
1014, -6276, -48334
1015, -482, -48339
1016, 6323, -44917
1017, 14568, -38997
1018, 22017, -29517
1019, 28356, -20256
1020, 33332, -13056
1021, 38661, -8784
1022, 43839, -6698
1023, 49942, -6047
1024, 54578, -5023
1025, 60702, -4820
1026, 65285, -6531
1027, 67967, -8973
1028, 69657, -10879
1029, 67062, -15032
1030, 62433, -18514
1031, 51889, -20986
1032, 35131, -22183
1033, 5832, -24463
1034, -11910, -2745
1035, -17634, -1431
1036, -29968, 2342
1037, -37850, 7197
1038, -40949, 10839
1039, -42514, 14206
1040, -44023, 18164
1041, -42027, 21217
1042, -31868, 25740
1043, -7970, 26115
1044, 14318, 8696
1045, 14589, 2862
1046, 30143, -929
1047, 38524, -7907
1048, 42605, -14773
1049, 42601, -20599
1050, 44282, -28291
1051, 44704, -38772
1052, 39036, -48447
1053, 26642, -56944
1054, 11458, -61269
1055, -6003, -60632
1056, -21380, -55210
1057, -34978, -47162
1058, -45414, -36773
1059, -52838, -25668
1060, -57061, -14347
1061, -59206, -3002
1062, -59454, 6387
1063, -58066, 14383
1064, -54501, 20202
1065, -48885, 23852
1066, -41767, 25075
1067, -31431, 21942
1068, -18392, 15114
1069, 7667, -5813
1070, 3346, -479
1071, 14791, -6765
1072, 25430, -13637
1073, 32719, -16265
1074, 37794, -13256
1075, 44473, -8540
1076, 51208, 221
1077, 51681, 12460
1078, 47892, 25652
1079, 40521, 37665
1080, 31006, 47115
1081, 20282, 53277
1082, 9560, 57736
1083, -2297, 57978
1084, -13732, 54654
1085, -25078, 47140
1086, -35552, 35813
1087, -42036, 23316
1088, -44694, 12209
1089, -46217, 4971
1090, -47160, 2644
1091, -46952, 4602
1092, -45556, 9525
1093, -41055, 18497
1094, -33392, 27999
1095, -24245, 37606
1096, -15312, 45260
1097, -7508, 51517
1098, 465, 54150
1099, 8990, 55698
1100, 18573, 53575
1101, 28867, 48190
1102, 39803, 37000
1103, 47702, 21192
1104, 49667, 4333
1105, 49394, -8333
1106, 49217, -16507
1107, 49328, -20946
1108, 49510, -21605
1109, 49779, -17875
1110, 50024, -9879
1111, 44702, 4307
1112, 32816, 18234
1113, 22299, 28235
1114, 15723, 36495
1115, 12460, 44912
1116, 10171, 48982
1117, 8762, 51162
1118, 8099, 50974
1119, 7482, 48484
1120, 8509, 39324
1121, 13696, 19820
1122, -871, -8440
1123, 1058, -13939
1124, -1863, -27534
1125, -6961, -39194
1126, -11284, -41429
1127, -17007, -43879
1128, -24936, -46367
1129, -35071, -48075
1130, -45187, -39547
1131, -52476, -25540
1132, -55779, -7572
1133, -55295, 7487
1134, -51098, 20918
1135, -46938, 32125
1136, -41046, 40704
1137, -33942, 46734
1138, -26377, 51186
1139, -18188, 53753
1140, -8267, 55436
1141, 1706, 53372
1142, 11446, 50210
1143, 19699, 44580
1144, 25941, 37879
1145, 32484, 32114
1146, 36671, 27304
1147, 39133, 21799
1148, 42617, 15883
1149, 44614, 9926
1150, 46309, 3526
1151, 47069, -4919
1152, 47548, -12427
1153, 46527, -19372
1154, 46683, -25868
1155, 46159, -31397
1156, 46986, -34012
1157, 48122, -36038
1158, 50307, -35175
1159, 52014, -30490
1160, 53792, -21347
1161, 52528, -7352
1162, 47912, 8633
1163, 39690, 23478
1164, 32065, 34189
1165, 27381, 43361
1166, 23572, 50378
1167, 19957, 55530
1168, 16454, 58692
1169, 12560, 58301
1170, 7723, 55342
1171, 388, 44716
1172, -15807, 20908
1173, -5876, -7796
1174, -5199, -16368
1175, -9174, -30793
1176, -11776, -40428
1177, -12506, -43179
1178, -10499, -45391
1179, -10130, -48315
1180, -7114, -46575
1181, 1476, -33679
1182, 10609, 10089
1183, 2195, 11370
1184, 7049, 27123
1185, 10293, 36353
1186, 12197, 40405
1187, 11463, 42287
1188, 9574, 47843
1189, 7176, 49220
1190, 212, 39562
1191, -20512, 1043
1192, -1121, -5505
1193, -5653, -21851
1194, -9363, -36464
1195, -10446, -44697
1196, -8204, -45546
1197, -4691, -49243
1198, 1335, -54737
1199, 10969, -54636
1200, 23861, -44845
1201, 33211, -28000
1202, 37274, -12577
1203, 41753, -4313
1204, 46034, 40
1205, 50104, 633
1206, 53507, -614
1207, 56442, -3029
1208, 59547, -7179
1209, 61166, -13318
1210, 60750, -18121
1211, 58616, -21815
1212, 55228, -22659
1213, 50371, -20844
1214, 44993, -14473
1215, 38232, -4566
1216, 27833, 7000
1217, 17787, 15577
1218, 12281, 22424
1219, 11230, 30783
1220, 10340, 37401
1221, 10914, 42847
1222, 11200, 47782
1223, 12063, 52191
1224, 13266, 56732
1225, 13691, 59052
1226, 14983, 60148
1227, 15092, 58958
1228, 15671, 57560
1229, 14368, 54770
1230, 11169, 50612
1231, 7409, 46669
1232, 1538, 41379
1233, -5988, 36166
1234, -12887, 29271
1235, -18606, 21493
1236, -24213, 16303
1237, -30600, 12507
1238, -36206, 9812
1239, -42019, 8644
1240, -48017, 7933
1241, -53580, 6929
1242, -59622, 6877
1243, -64174, 8070
1244, -67547, 8834
1245, -69266, 10870
1246, -67814, 13979
1247, -62954, 17301
1248, -53207, 20153
1249, -37475, 23002
1250, -11260, 24686
1251, 12519, 5783
1252, 15355, 2728
1253, 29449, -712
1254, 36502, -5920
1255, 40810, -11061
1256, 41735, -15659
1257, 44312, -21017
1258, 44189, -27240
1259, 38471, -34769
1260, 24069, -40594
1261, 7974, -41284
1262, -5100, -39692
1263, -12740, -38614
1264, -18373, -40097
1265, -20464, -42473
1266, -19994, -44944
1267, -17780, -49630
1268, -12987, -53493
1269, -8123, -56795
1270, -4260, -59061
1271, -1562, -60443
1272, -1223, -60082
1273, -5193, -57849
1274, -13801, -51455
1275, -25139, -40625
1276, -34581, -25612
1277, -41168, -12915
1278, -46897, -3231
1279, -50131, 3904
1280, -52940, 9538
1281, -53829, 13723
1282, -54185, 16822
1283, -51676, 19931
1284, -43162, 22011
1285, -24589, 22174
1286, 14811, 5411
1287, 10380, -463
1288, 23335, -3375
1289, 34029, -8096
1290, 40503, -12815
1291, 42948, -14464
1292, 46016, -15953
1293, 47000, -16360
1294, 42004, -15828
1295, 27149, -12327
1296, -11533, 3637
1297, -5171, -456
1298, -20989, 4120
1299, -34671, 9669
1300, -41139, 12590
1301, -45416, 12424
1302, -53634, 12923
1303, -65083, 13965
1304, -69176, 13867
1305, -71006, 13303
1306, -70444, 13553
1307, -65133, 13768
1308, -57660, 13447
1309, -45111, 12074
1310, -30008, 10937
1311, -13117, 11947
1312, 5753, -358
1313, 12505, 445
1314, 21877, -1542
1315, 31602, -4844
1316, 36046, -8558
1317, 40042, -11840
1318, 45273, -14876
1319, 50961, -17363
1320, 53755, -20303
1321, 54707, -23176
1322, 54912, -24310
1323, 53259, -23658
1324, 50690, -21419
1325, 48302, -15686
1326, 46173, -8587
1327, 42506, 428
1328, 39754, 9403
1329, 38431, 17408
1330, 37058, 25496
1331, 34321, 32689
1332, 30889, 38996
1333, 24385, 45042
1334, 15879, 50266
1335, 3223, 52381
1336, -11688, 50459
1337, -26131, 44805
1338, -37753, 37711
1339, -47398, 30542
1340, -53816, 23162
1341, -59236, 17731
1342, -61085, 11584
1343, -60245, 6440
1344, -53899, 186
1345, -38786, -8421
1346, -3791, -21040
1347, 7641, -3403
1348, 19172, -5140
1349, 36042, -7673
1350, 45811, -8640
1351, 46899, -8403
1352, 48537, -8676
1353, 49099, -8351
1354, 44487, -8627
1355, 25832, -10300
1356, -9240, 2337
1357, -14328, -743
1358, -32215, 2583
1359, -43568, 6231
1360, -44389, 8552
1361, -46184, 10656
1362, -47121, 16424
1363, -43297, 23339
1364, -18491, 31155
1365, 17275, 12101
1366, 18685, 5397
1367, 35181, 1863
1368, 43735, -5452
1369, 46677, -12687
1370, 45281, -20246
1371, 45348, -29879
1372, 41665, -43161
1373, 28855, -54029
1374, 11960, -60031
1375, -3384, -60693
1376, -16405, -58982
1377, -25682, -54379
1378, -32496, -49115
1379, -35105, -40325
1380, -36274, -27819
1381, -31936, -8397
1382, -9239, 16591
1383, 1158, 12845
1384, 7319, 25541
1385, 14257, 35301
1386, 18735, 40642
1387, 19841, 42572
1388, 19008, 46952
1389, 17881, 53333
1390, 14133, 57924
1391, 10614, 58291
1392, 7343, 57026
1393, 5586, 53666
1394, 4171, 50170
1395, 6354, 47004
1396, 9626, 43945
1397, 14277, 44279
1398, 18751, 45020
1399, 23017, 47122
1400, 25328, 47706
1401, 26267, 50415
1402, 24699, 51944
1403, 20315, 54309
1404, 12161, 54343
1405, 181, 51882
1406, -14389, 43924
1407, -26911, 32366
1408, -34379, 21551
1409, -41711, 15266
1410, -46753, 11266
1411, -49837, 9225
1412, -51419, 8916
1413, -50310, 11978
1414, -47166, 18145
1415, -36511, 26790
1416, -18736, 33505
1417, -3962, 34664
1418, 5753, 36641
1419, 11888, 39667
1420, 15243, 43094
1421, 16629, 45820
1422, 13039, 49457
1423, 6973, 51690
1424, -2958, 51328
1425, -16220, 45542
1426, -27823, 36959
1427, -36674, 25342
1428, -44071, 15791
1429, -49192, 7708
1430, -51324, 645
1431, -52459, -5617
1432, -51911, -12181
1433, -48577, -19406
1434, -43002, -26605
1435, -33854, -33009
1436, -23127, -37487
1437, -12916, -39994
1438, -5804, -42374
1439, -940, -44995
1440, 1473, -48139
1441, 1068, -51789
1442, 347, -55328
1443, -2094, -59092
1444, -5826, -61359
1445, -11010, -62130
1446, -17880, -60886
1447, -23399, -56295
1448, -29446, -48517
1449, -35114, -37222
1450, -37883, -22733
1451, -36309, -7687
1452, -35605, 2488
1453, -33246, 10127
1454, -34501, 13857
1455, -36076, 15603
1456, -40736, 16337
1457, -44646, 14493
1458, -49880, 11212
1459, -53907, 7322
1460, -57323, 3965
1461, -60756, 1356
1462, -62307, 779
1463, -62409, 3918
1464, -60289, 9271
1465, -53205, 19280
1466, -40774, 31207
1467, -23906, 39914
1468, -8951, 43203
1469, 1817, 47124
1470, 9019, 49641
1471, 14134, 51292
1472, 17073, 51765
1473, 18501, 52302
1474, 17622, 49339
1475, 13915, 43094
1476, 3877, 30174
1477, -12100, -4714
1478, -2404, -6925
1479, -9454, -21351
1480, -13030, -30194
1481, -14535, -37023
1482, -12087, -40225
1483, -6296, -46606
1484, 2958, -51553
1485, 15101, -49787
1486, 27482, -41165
1487, 36506, -29638
1488, 43713, -19787
1489, 47446, -12346
1490, 49896, -7915
1491, 50880, -5405
1492, 50026, -6325
1493, 48108, -9787
1494, 39810, -16625
1495, 25485, -25770
1496, 9122, -29830
1497, -1314, -32578
1498, -9092, -37534
1499, -14446, -41793
1500, -18919, -46621
1501, -21525, -51490
1502, -23304, -56264
1503, -23550, -60840
1504, -23491, -64867
1505, -21984, -67099
1506, -19929, -66499
1507, -16096, -62824
1508, -10509, -55768
1509, -2455, -43637
1510, 8284, -25627
1511, 13624, 288
1512, 5083, 6276
1513, 9831, 17444
1514, 13263, 28360
1515, 13536, 35249
1516, 11105, 37604
1517, 7479, 40587
1518, 1605, 46281
1519, -7547, 48921
1520, -18133, 46052
1521, -28392, 38533
1522, -36792, 29228
1523, -43095, 20140
1524, -47482, 12722
1525, -50306, 7116
1526, -52082, 3118
1527, -53460, 408
1528, -53442, -194
1529, -53448, 772
1530, -50351, 4057
1531, -48006, 8165
1532, -44214, 11643
1533, -42112, 15434
1534, -42473, 17483
1535, -43028, 18673
1536, -46672, 19072
1537, -50670, 18320
1538, -55155, 16992
1539, -59212, 15146
1540, -62650, 13829
1541, -63779, 11885
1542, -63115, 10394
1543, -58706, 8623
1544, -48823, 6417
1545, -31004, 2119
1546, 11541, -6587
1547, 6198, 1068
1548, 22644, -2362
1549, 34097, -5834
1550, 39394, -8884
1551, 41357, -9478
1552, 45845, -10276
1553, 48464, -12391
1554, 41713, -15103
1555, 24748, -16125
1556, -13926, -5660
1557, -11052, -1141
1558, -24681, 1867
1559, -35194, 6525
1560, -41728, 11130
1561, -45221, 14094
1562, -50354, 17229
1563, -57461, 20958
1564, -61281, 23566
1565, -61568, 25848
1566, -60483, 25097
1567, -57027, 21687
1568, -52513, 16473
1569, -48010, 6777
1570, -40616, -1781
1571, -35604, -10961
1572, -30719, -18662
1573, -27686, -26861
1574, -24692, -32296
1575, -21207, -37032
1576, -17027, -41198
1577, -11903, -45104
1578, -5184, -47674
1579, 2404, -49285
1580, 11038, -48145
1581, 18886, -44898
1582, 27545, -40147
1583, 34536, -33875
1584, 41205, -25794
1585, 45795, -16730
1586, 48336, -7576
1587, 49985, 2491
1588, 49494, 12018
1589, 48267, 21656
1590, 45236, 30097
1591, 41152, 38536
1592, 34807, 45764
1593, 26518, 50984
1594, 15920, 54542
1595, 2542, 54572
1596, -11821, 51103
1597, -24878, 43961
1598, -36037, 34561
1599, -44334, 25154
1600, -50337, 17838
1601, -54140, 12323
1602, -55662, 8533
1603, -55518, 5926
1604, -51876, 5637
1605, -43905, 7318
1606, -27596, 12528
1607, 8634, 11210
1608, 7720, 3766
1609, 21981, 5404
1610, 34617, 3070
1611, 41695, -2769
1612, 44054, -9360
1613, 44522, -18632
1614, 42532, -30698
1615, 35137, -44051
1616, 21275, -54048
1617, 7865, -59957
1618, -3919, -62948
1619, -14005, -62874
1620, -22223, -60448
1621, -28612, -55064
1622, -33498, -45028
1623, -36791, -22614
1624, -22026, 15385
1625, -1349, 15681
1626, 2825, 26199
1627, 10191, 41094
1628, 16543, 46006
1629, 18459, 46485
1630, 20350, 47162
1631, 22352, 46572
1632, 21703, 38700
1633, 25315, -1706
1634, -3261, -9177
1635, -5884, -21469
1636, -10595, -34870
1637, -15683, -40965
1638, -15277, -43705
1639, -15731, -46736
1640, -13336, -48561
1641, -4574, -45364
1642, 17427, -19254
1643, 5890, 6016
1644, 7047, 15206
1645, 13455, 32111
1646, 15191, 42716
1647, 12144, 46247
1648, 6424, 49383
1649, -2729, 53237
1650, -16765, 52896
1651, -31812, 41976
1652, -41776, 26885
1653, -47389, 14192
1654, -50699, 5920
1655, -52638, 2404
1656, -53761, 1849
1657, -52277, 5439
1658, -46460, 14573
1659, -33404, 24722
1660, -14952, 32439
1661, -1235, 34755
1662, 6680, 39469
1663, 13321, 43930
1664, 18157, 46843
1665, 20648, 49119
1666, 21465, 52367
1667, 20444, 55107
1668, 18698, 56348
1669, 16807, 56438
1670, 12923, 54049
1671, 10786, 51322
1672, 9100, 48250
1673, 8988, 45770
1674, 10130, 44474
1675, 13058, 44932
1676, 15264, 46187
1677, 17397, 47706
1678, 19213, 49128
1679, 19658, 50587
1680, 18986, 51928
1681, 16009, 52681
1682, 11173, 52191
1683, 3455, 49693
1684, -6980, 45178
1685, -17075, 36290
1686, -26106, 28245
1687, -33033, 20865
1688, -38577, 15458
1689, -42668, 11543
1690, -46356, 8647
1691, -49644, 6798
1692, -52850, 5374
1693, -54886, 5362
1694, -55807, 5677
1695, -54404, 7499
1696, -53080, 9389
1697, -51675, 12746
1698, -49009, 15031
1699, -48075, 17071
1700, -45914, 18489
1701, -45710, 19658
1702, -46758, 19899
1703, -47927, 19701
1704, -49169, 18583
1705, -50572, 16843
1706, -51426, 14637
1707, -51817, 11100
1708, -51811, 6892
1709, -50057, 1347
1710, -46730, -6303
1711, -40769, -13854
1712, -33250, -21862
1713, -24283, -27413
1714, -16967, -33104
1715, -11117, -37600
1716, -7467, -42174
1717, -4611, -46487
1718, -3028, -50917
1719, -2600, -55811
1720, -1606, -60096
1721, -3489, -63659
1722, -6009, -65031
1723, -10342, -64413
1724, -16316, -62046
1725, -23044, -54928
1726, -29806, -43882
1727, -35971, -27553
1728, -37217, -10742
1729, -34932, 2162
1730, -34967, 9617
1731, -35715, 14106
1732, -37481, 16650
1733, -41483, 15533
1734, -45403, 11841
1735, -47333, 4722
1736, -47292, -5207
1737, -45698, -16077
1738, -41241, -27238
1739, -35310, -36972
1740, -28646, -44965
1741, -19739, -50342
1742, -9836, -53323
1743, 1762, -53916
1744, 14508, -50521
1745, 26691, -43199
1746, 36041, -33547
1747, 42824, -23547
1748, 47903, -16642
1749, 50525, -10459
1750, 51165, -7825
1751, 50428, -7610
1752, 47720, -11566
1753, 40795, -18262
1754, 26879, -27371
1755, 11599, -31630
1756, 1164, -33573
1757, -5774, -38338
1758, -11391, -42078
1759, -14040, -44854
1760, -14033, -47840
1761, -12519, -50245
1762, -6593, -51640
1763, 3827, -49110
1764, 15724, -40777
1765, 26001, -29570
1766, 33920, -18885
1767, 40523, -11795
1768, 46166, -6586
1769, 50873, -2793
1770, 54164, 180
1771, 57266, 2167
1772, 61219, 2865
1773, 62819, 1976
1774, 63375, -803
1775, 61095, -6091
1776, 56007, -11934
1777, 49294, -20852
1778, 40711, -28294
1779, 30388, -34697
1780, 21611, -38897
1781, 14129, -42512
1782, 8116, -45980
1783, 1394, -48536
1784, -4289, -49808
1785, -11115, -50738
1786, -18201, -48565
1787, -26123, -43891
1788, -34394, -35909
1789, -40474, -24219
1790, -43392, -11650
1791, -45810, -992
1792, -45291, 7922
1793, -46069, 14429
1794, -46095, 18859
1795, -48020, 21196
1796, -47972, 21937
1797, -49538, 19644
1798, -49792, 16363
1799, -49753, 12743
1800, -50055, 8866
1801, -49116, 6397
1802, -49524, 6252
1803, -48424, 7243
1804, -48664, 10382
1805, -48980, 14835
1806, -49217, 19572
1807, -49840, 24117
1808, -49692, 27256
1809, -50493, 28756
1810, -51515, 26563
1811, -52438, 22007
1812, -52183, 12591
1813, -49073, -426
1814, -42234, -15394
1815, -33686, -27311
1816, -26789, -37143
1817, -21741, -45515
1818, -18362, -50329
1819, -14781, -53502
1820, -11336, -54847
1821, -7352, -53754
1822, -3070, -46803
1823, 3654, -32858
1824, 14580, 4393
1825, 1396, 6045
1826, 5546, 22718
1827, 8505, 34004
1828, 10576, 41381
1829, 10617, 41864
1830, 10589, 44982
1831, 10719, 47774
1832, 10028, 43319
1833, 8188, 30065
1834, -3048, -13868
1835, 809, -3891
1836, -1422, -19991
1837, -6741, -33006
1838, -10356, -40859
1839, -11386, -44688
1840, -13439, -52169
1841, -16710, -62197
1842, -19124, -65906
1843, -21175, -67142
1844, -22131, -65883
1845, -20788, -61753
1846, -16905, -54704
1847, -9408, -47040
1848, -188, -36436
1849, 9058, -24577
1850, 16199, -16777
1851, 21629, -13002
1852, 28465, -11559
1853, 34440, -11788
1854, 38856, -12425
1855, 44134, -12970
1856, 48661, -14214
1857, 52192, -15517
1858, 54632, -16575
1859, 55248, -17414
1860, 54814, -17969
1861, 54226, -17879
1862, 52065, -16219
1863, 49582, -13397
1864, 47289, -8726
1865, 44997, -2563
1866, 42305, 3872
1867, 39980, 11521
1868, 36610, 19463
1869, 33170, 26903
1870, 28383, 34298
1871, 21674, 40317
1872, 14124, 45791
1873, 5115, 49525
1874, -5752, 51269
1875, -16721, 50546
1876, -27322, 47852
1877, -37433, 42875
1878, -46005, 35048
1879, -52289, 26492
1880, -56614, 16253
1881, -56854, 4979
1882, -53858, -7160
1883, -47291, -20523
1884, -36182, -30923
1885, -24924, -36717
1886, -14772, -41464
1887, -8642, -43851
1888, -4899, -45563
1889, -5189, -45974
1890, -9176, -45892
1891, -16731, -42202
1892, -26273, -35427
1893, -35673, -26595
1894, -42619, -17566
1895, -48519, -9464
1896, -52862, -2164
1897, -54606, 4858
1898, -55396, 11277
1899, -53009, 19030
1900, -44227, 27307
1901, -28301, 34628
1902, -709, 33617
1903, 16860, 18408
1904, 23220, 9500
1905, 34565, 3659
1906, 41797, -3862
1907, 44841, -13190
1908, 44647, -22440
1909, 42334, -33883
1910, 37100, -45421
1911, 27204, -54664
1912, 13578, -61023
1913, -357, -62615
1914, -12408, -61651
1915, -22750, -58470
1916, -30486, -51119
1917, -35606, -39732
1918, -37988, -23172
1919, -32476, 291
1920, -11670, 18487
1921, -1153, 19551
1922, 4748, 29314
1923, 11740, 36375
1924, 17639, 40043
1925, 21668, 40159
1926, 26113, 42521
1927, 32275, 41826
1928, 37770, 37016
1929, 40953, 25059
1930, 40679, 10564
1931, 38518, -1935
1932, 37656, -11069
1933, 38092, -17302
1934, 41713, -20399
1935, 45839, -22960
1936, 50803, -22709
1937, 55734, -22036
1938, 60486, -19800
1939, 63723, -17880
1940, 64966, -15148
1941, 64517, -12335
1942, 59786, -9585
1943, 49736, -6692
1944, 32366, -2535
1945, 5879, 15024
1946, -1786, -208
1947, -10979, 1306
1948, -25267, 4913
1949, -36246, 8417
1950, -39686, 10361
1951, -42105, 12959
1952, -44682, 16369
1953, -45445, 22787
1954, -40162, 29279
1955, -30196, 35741
1956, -15048, 39675
1957, -2252, 41086
1958, 7401, 41652
1959, 15214, 43277
1960, 20595, 46006
1961, 24670, 48215
1962, 27161, 52523
1963, 27585, 56134
1964, 27300, 60451
1965, 25044, 63128
1966, 21667, 64361
1967, 16771, 63074
1968, 9500, 58852
1969, -1401, 47987
1970, -13851, 30388
1971, -19638, 5344
1972, -13360, -7712
1973, -14040, -16826
1974, -15801, -27242
1975, -14168, -35780
1976, -9988, -40268
1977, -4169, -43791
1978, 3379, -47237
1979, 13246, -48452
1980, 24321, -45687
1981, 34189, -39335
1982, 41366, -30816
1983, 46643, -21419
1984, 49204, -13967
1985, 49820, -7208
1986, 47831, -857
1987, 43287, 3318
1988, 36294, 8063
1989, 23972, 12637
1990, 4477, 15352
1991, -6558, 4337
1992, -10653, 2808
1993, -25749, 4904
1994, -37586, 5870
1995, -43988, 7368
1996, -49492, 8288
